  VMEC2000 V8.51
     MN       GMNC         GMNS           BMNC          BMNS
     1   -8.8817E-03    0.0000E+00    9.3925E-01    0.0000E+00
     2   -1.5316E-03    0.0000E+00    7.9600E-03    0.0000E+00
     3    1.0811E-04    0.0000E+00   -8.4112E-03    0.0000E+00
     4    3.2557E-05    0.0000E+00   -2.8386E-03    0.0000E+00
     5    8.5102E-06    0.0000E+00    1.1203E-03    0.0000E+00
     6   -1.0817E-05    0.0000E+00   -1.3069E-03    0.0000E+00
     7    1.1544E-05    0.0000E+00    1.3486E-03    0.0000E+00
     8   -3.2865E-06    0.0000E+00   -7.7332E-05    0.0000E+00
     9    3.6258E-07    0.0000E+00   -1.9632E-04    0.0000E+00
    10   -2.2451E-06    0.0000E+00    1.8057E-04    0.0000E+00
    11    4.8375E-06    0.0000E+00    1.2838E-04    0.0000E+00
    12    5.4976E-06    0.0000E+00    4.5735E-04    0.0000E+00
    13   -3.2965E-06    0.0000E+00   -2.0257E-04    0.0000E+00
    14   -1.8995E-06    0.0000E+00    5.1818E-05    0.0000E+00
    15    2.8961E-06    0.0000E+00    2.5157E-04    0.0000E+00
    16    2.5001E-06    0.0000E+00    2.4704E-04    0.0000E+00
    17    7.9471E-07    0.0000E+00    3.8943E-05    0.0000E+00
    18    7.2279E-08    0.0000E+00    1.1494E-04    0.0000E+00
    19   -8.8151E-08    0.0000E+00    1.1854E-04    0.0000E+00
    20    5.6162E-08    0.0000E+00    7.2346E-05    0.0000E+00
    21    3.3198E-08    0.0000E+00    3.7174E-05    0.0000E+00
    22    2.6407E-07    0.0000E+00    6.9222E-05    0.0000E+00
    23    3.7392E-07    0.0000E+00    1.2389E-04    0.0000E+00
    24   -4.2424E-08    0.0000E+00   -8.8378E-05    0.0000E+00
    25   -7.0414E-07    0.0000E+00   -1.7285E-04    0.0000E+00
    26   -2.1079E-06    0.0000E+00    1.4747E-05    0.0000E+00
    27   -6.6009E-06    0.0000E+00    1.3509E-06    0.0000E+00
    28   -6.6430E-06    0.0000E+00   -2.7711E-06    0.0000E+00
    29   -7.7664E-06    0.0000E+00    2.1720E-05    0.0000E+00
    30   -5.2925E-06    0.0000E+00    2.6121E-06    0.0000E+00
    31    3.7385E-07    0.0000E+00   -1.9276E-05    0.0000E+00
    32   -9.4913E-06    0.0000E+00   -1.2367E-05    0.0000E+00
    33   -1.5388E-05    0.0000E+00   -5.4313E-07    0.0000E+00
    34   -1.0299E-05    0.0000E+00    1.2052E-05    0.0000E+00
    35    9.7708E-06    0.0000E+00   -2.1649E-05    0.0000E+00
    36   -5.3598E-06    0.0000E+00   -3.6347E-04    0.0000E+00
    37   -1.3653E-06    0.0000E+00   -1.0722E-03    0.0000E+00
    38   -4.0223E-05    0.0000E+00   -1.1277E-03    0.0000E+00
    39   -8.7449E-06    0.0000E+00    2.7129E-04    0.0000E+00
    40    1.0770E-05    0.0000E+00    9.3163E-04    0.0000E+00
    41   -1.8416E-05    0.0000E+00   -3.1718E-04    0.0000E+00
    42   -1.7909E-05    0.0000E+00   -1.1532E-04    0.0000E+00
    43    6.6581E-05    0.0000E+00   -1.8413E-04    0.0000E+00
    44   -5.5103E-05    0.0000E+00   -2.8502E-04    0.0000E+00
    45   -1.5001E-05    0.0000E+00    7.8990E-04    0.0000E+00
    46   -3.3893E-05    0.0000E+00   -9.1339E-04    0.0000E+00
    47    4.0977E-05    0.0000E+00    8.8924E-04    0.0000E+00
    48   -1.0842E-06    0.0000E+00   -8.2534E-04    0.0000E+00
    49    4.4306E-04    0.0000E+00    8.4472E-04    0.0000E+00
    50    1.0695E-04    0.0000E+00    1.3769E-02    0.0000E+00
    51   -5.9821E-04    0.0000E+00   -9.0413E-02    0.0000E+00
    52   -2.1113E-04    0.0000E+00   -1.2356E-02    0.0000E+00
    53    1.0047E-05    0.0000E+00    1.5478E-04    0.0000E+00
    54   -1.1273E-05    0.0000E+00   -3.6372E-04    0.0000E+00
    55    4.1243E-05    0.0000E+00   -9.8546E-04    0.0000E+00
    56   -4.1504E-05    0.0000E+00    7.8557E-05    0.0000E+00
    57   -2.9667E-05    0.0000E+00    9.6850E-05    0.0000E+00
    58    2.5333E-05    0.0000E+00   -1.7015E-04    0.0000E+00
    59   -1.0207E-05    0.0000E+00    2.7141E-04    0.0000E+00
    60   -3.3491E-05    0.0000E+00   -4.1149E-04    0.0000E+00
    61    1.8551E-05    0.0000E+00    2.2997E-04    0.0000E+00
    62   -7.4162E-06    0.0000E+00   -5.5905E-05    0.0000E+00
    63   -5.8869E-06    0.0000E+00    4.0636E-05    0.0000E+00
    64   -1.4506E-05    0.0000E+00    3.9630E-04    0.0000E+00
    65   -8.7008E-06    0.0000E+00    3.0120E-04    0.0000E+00
    66    7.6427E-07    0.0000E+00    6.3189E-05    0.0000E+00
    67   -8.9222E-07    0.0000E+00   -1.2145E-05    0.0000E+00
    68   -1.3460E-05    0.0000E+00   -2.5921E-05    0.0000E+00
    69   -1.2101E-05    0.0000E+00   -1.0529E-05    0.0000E+00
    70   -3.9774E-06    0.0000E+00    3.2449E-06    0.0000E+00
    71   -6.7026E-06    0.0000E+00   -3.0503E-06    0.0000E+00
    72   -3.0185E-06    0.0000E+00   -5.8546E-05    0.0000E+00
    73   -8.1287E-06    0.0000E+00   -1.9072E-04    0.0000E+00
    74    3.0410E-06    0.0000E+00    2.2501E-04    0.0000E+00
    75   -1.5295E-06    0.0000E+00   -2.6864E-04    0.0000E+00
    76   -7.2044E-07    0.0000E+00    1.3304E-04    0.0000E+00
    77    1.9299E-06    0.0000E+00    1.3231E-05    0.0000E+00
    78    1.4814E-06    0.0000E+00   -2.2496E-05    0.0000E+00
    79    1.6810E-06    0.0000E+00   -4.9707E-05    0.0000E+00
    80   -4.8238E-07    0.0000E+00   -4.0554E-05    0.0000E+00
    81    3.5343E-07    0.0000E+00   -6.5164E-06    0.0000E+00
    82    3.4324E-06    0.0000E+00   -1.4137E-05    0.0000E+00
    83    3.9073E-06    0.0000E+00   -6.3079E-05    0.0000E+00
    84    1.2582E-07    0.0000E+00   -7.9465E-05    0.0000E+00
    85   -1.1083E-06    0.0000E+00   -1.0366E-04    0.0000E+00
    86   -5.4310E-06    0.0000E+00   -7.1952E-04    0.0000E+00
    87   -7.8647E-06    0.0000E+00   -1.2124E-03    0.0000E+00
    88   -4.2864E-06    0.0000E+00   -9.3501E-04    0.0000E+00
    89    4.6514E-07    0.0000E+00    7.9279E-04    0.0000E+00
    90    1.1255E-05    0.0000E+00    1.0086E-03    0.0000E+00
    91    2.4310E-06    0.0000E+00   -1.1558E-03    0.0000E+00
    92   -9.9626E-06    0.0000E+00    1.8981E-04    0.0000E+00
    93   -8.6581E-06    0.0000E+00   -1.4478E-04    0.0000E+00
    94    1.4603E-05    0.0000E+00   -2.0769E-04    0.0000E+00
    95    6.9634E-06    0.0000E+00    2.1463E-04    0.0000E+00
    96    2.2154E-06    0.0000E+00   -8.5170E-04    0.0000E+00
    97    1.6705E-06    0.0000E+00    3.0148E-04    0.0000E+00
    98   -4.6214E-05    0.0000E+00    6.0943E-04    0.0000E+00
    99   -2.8012E-04    0.0000E+00    2.0429E-03    0.0000E+00
   100   -2.9029E-04    0.0000E+00   -1.2679E-03    0.0000E+00
   101    5.7838E-05    0.0000E+00    3.5036E-03    0.0000E+00
   102    2.2629E-05    0.0000E+00   -1.1779E-04    0.0000E+00
   103   -5.5306E-06    0.0000E+00    2.9945E-04    0.0000E+00
   104   -5.5774E-06    0.0000E+00    1.9811E-04    0.0000E+00
   105   -1.8056E-06    0.0000E+00    3.6881E-04    0.0000E+00
   106    1.6662E-05    0.0000E+00    1.2091E-04    0.0000E+00
   107   -3.5128E-06    0.0000E+00   -3.9949E-04    0.0000E+00
   108   -2.5495E-06    0.0000E+00    3.1208E-04    0.0000E+00
   109    2.9123E-06    0.0000E+00   -3.5832E-04    0.0000E+00
   110    4.6490E-06    0.0000E+00    5.5601E-05    0.0000E+00
   111   -2.3776E-06    0.0000E+00    8.2414E-05    0.0000E+00
   112    1.5976E-06    0.0000E+00    8.3397E-05    0.0000E+00
   113    2.1265E-06    0.0000E+00   -8.5060E-05    0.0000E+00
   114    1.7842E-06    0.0000E+00   -4.5049E-04    0.0000E+00
   115   -1.7676E-06    0.0000E+00   -3.7994E-04    0.0000E+00
   116   -2.3159E-06    0.0000E+00   -1.1007E-04    0.0000E+00
   117    9.5493E-07    0.0000E+00    1.6697E-05    0.0000E+00
   118    3.7224E-06    0.0000E+00   -3.3615E-05    0.0000E+00
   119    1.9224E-06    0.0000E+00   -6.6615E-05    0.0000E+00
   120    1.0507E-06    0.0000E+00   -2.2145E-05    0.0000E+00
   121    6.8136E-07    0.0000E+00   -7.4799E-05    0.0000E+00
   122    1.6328E-06    0.0000E+00    1.1376E-04    0.0000E+00
   123    2.0828E-06    0.0000E+00    1.7708E-04    0.0000E+00
   124   -2.0645E-08    0.0000E+00    4.6933E-05    0.0000E+00
   125   -2.8612E-06    0.0000E+00    8.7022E-05    0.0000E+00
   126   -3.3137E-06    0.0000E+00   -2.6165E-05    0.0000E+00
   127   -1.2790E-06    0.0000E+00    2.2691E-05    0.0000E+00
   128   -6.3125E-07    0.0000E+00    1.2835E-05    0.0000E+00
   129   -2.1230E-07    0.0000E+00    9.1870E-06    0.0000E+00
   130   -5.3879E-07    0.0000E+00   -6.5400E-06    0.0000E+00
   131   -1.1433E-06    0.0000E+00   -1.9129E-05    0.0000E+00
   132   -1.1801E-06    0.0000E+00    1.6815E-05    0.0000E+00
   133    1.1637E-07    0.0000E+00    3.3662E-05    0.0000E+00
   134   -7.2883E-08    0.0000E+00    1.8268E-05    0.0000E+00
   135   -2.4744E-07    0.0000E+00   -1.0108E-04    0.0000E+00
   136   -3.0268E-06    0.0000E+00   -4.3559E-04    0.0000E+00
   137   -6.8384E-06    0.0000E+00   -7.1065E-04    0.0000E+00
   138   -4.4430E-06    0.0000E+00   -2.1175E-04    0.0000E+00
   139    2.7039E-06    0.0000E+00    8.2718E-04    0.0000E+00
   140    1.7230E-06    0.0000E+00    1.8189E-04    0.0000E+00
   141   -1.9823E-06    0.0000E+00   -6.1083E-04    0.0000E+00
   142    2.1084E-06    0.0000E+00    3.6947E-04    0.0000E+00
   143   -7.5950E-06    0.0000E+00   -5.3120E-04    0.0000E+00
   144   -2.5900E-07    0.0000E+00    2.4367E-04    0.0000E+00
   145    4.7643E-06    0.0000E+00   -6.4101E-05    0.0000E+00
   146   -3.9373E-06    0.0000E+00    2.1378E-06    0.0000E+00
   147    5.9687E-05    0.0000E+00   -3.2201E-05    0.0000E+00
   148    1.6035E-05    0.0000E+00   -2.3192E-03    0.0000E+00
   149   -3.0621E-05    0.0000E+00    1.1114E-04    0.0000E+00
   150   -2.9337E-04    0.0000E+00   -3.8495E-03    0.0000E+00
   151   -3.6453E-05    0.0000E+00    1.9295E-03    0.0000E+00
   152    4.1827E-06    0.0000E+00    5.2710E-04    0.0000E+00
   153   -2.4500E-06    0.0000E+00   -2.6652E-04    0.0000E+00
   154   -8.6720E-08    0.0000E+00   -4.4451E-05    0.0000E+00
   155   -3.1810E-06    0.0000E+00   -6.9172E-05    0.0000E+00
   156    1.1464E-06    0.0000E+00    3.8725E-05    0.0000E+00
   157   -6.1875E-07    0.0000E+00    6.0679E-05    0.0000E+00
   158   -1.2492E-06    0.0000E+00   -5.1810E-05    0.0000E+00
   159   -2.2046E-07    0.0000E+00   -4.4449E-05    0.0000E+00
   160   -1.3945E-07    0.0000E+00    1.8136E-04    0.0000E+00
   161   -1.9137E-06    0.0000E+00   -1.3829E-04    0.0000E+00
   162   -6.9562E-07    0.0000E+00   -1.1852E-04    0.0000E+00
   163   -9.3718E-07    0.0000E+00    1.4756E-04    0.0000E+00
   164    7.3340E-07    0.0000E+00    2.6271E-04    0.0000E+00
   165    8.4065E-07    0.0000E+00    1.8535E-04    0.0000E+00
   166    1.4686E-07    0.0000E+00    4.5256E-05    0.0000E+00
   167   -7.0070E-07    0.0000E+00   -2.4548E-06    0.0000E+00
   168   -7.0256E-07    0.0000E+00   -4.1838E-06    0.0000E+00
   169   -5.7621E-07    0.0000E+00    8.8032E-06    0.0000E+00
   170   -6.6126E-07    0.0000E+00   -8.8966E-06    0.0000E+00
   171   -2.2671E-08    0.0000E+00    7.4403E-05    0.0000E+00
   172    1.8717E-07    0.0000E+00   -1.5055E-04    0.0000E+00
   173    1.0629E-07    0.0000E+00    1.1508E-04    0.0000E+00
   174   -5.8763E-07    0.0000E+00   -8.6350E-05    0.0000E+00
   175    4.3573E-06    0.0000E+00   -6.5477E-05    0.0000E+00
   176    2.2366E-06    0.0000E+00   -4.3142E-05    0.0000E+00
   177   -5.9928E-08    0.0000E+00    9.1842E-06    0.0000E+00
   178   -1.5209E-07    0.0000E+00    7.9005E-06    0.0000E+00
   179    6.0833E-07    0.0000E+00    4.2998E-06    0.0000E+00
   180    6.4524E-07    0.0000E+00   -9.0460E-06    0.0000E+00
   181   -7.7227E-07    0.0000E+00   -1.7365E-05    0.0000E+00
   182   -6.8579E-07    0.0000E+00    6.5672E-06    0.0000E+00
   183    9.5480E-08    0.0000E+00    2.9420E-05    0.0000E+00
   184    1.6058E-06    0.0000E+00    4.9855E-05    0.0000E+00
   185    7.6891E-07    0.0000E+00   -3.8241E-05    0.0000E+00
   186   -1.4101E-06    0.0000E+00   -2.1968E-04    0.0000E+00
   187   -4.3399E-06    0.0000E+00   -3.2378E-04    0.0000E+00
   188    1.5828E-06    0.0000E+00    2.1429E-05    0.0000E+00
   189    2.9392E-06    0.0000E+00    4.3374E-04    0.0000E+00
   190   -3.9114E-06    0.0000E+00   -2.0147E-04    0.0000E+00
   191    2.1647E-06    0.0000E+00   -1.4245E-04    0.0000E+00
   192    6.2511E-06    0.0000E+00    1.4457E-04    0.0000E+00
   193   -7.0126E-06    0.0000E+00   -2.2494E-04    0.0000E+00
   194   -3.9560E-06    0.0000E+00    8.5874E-05    0.0000E+00
   195   -1.6486E-05    0.0000E+00   -5.5782E-05    0.0000E+00
   196   -1.5100E-05    0.0000E+00    1.6387E-04    0.0000E+00
   197    1.1154E-05    0.0000E+00    3.9203E-04    0.0000E+00
   198    6.4729E-05    0.0000E+00    6.1268E-04    0.0000E+00
   199    1.1332E-04    0.0000E+00    6.0806E-04    0.0000E+00
   200    7.0238E-05    0.0000E+00   -2.6810E-04    0.0000E+00
   201    1.3321E-05    0.0000E+00    7.5690E-05    0.0000E+00
   202   -8.3990E-06    0.0000E+00   -2.0807E-04    0.0000E+00
   203   -2.6108E-06    0.0000E+00   -5.7692E-05    0.0000E+00
   204    3.4925E-06    0.0000E+00   -2.5119E-05    0.0000E+00
   205   -2.2081E-06    0.0000E+00    3.3173E-05    0.0000E+00
   206   -6.7564E-07    0.0000E+00   -8.7610E-05    0.0000E+00
   207    1.9098E-06    0.0000E+00    4.4335E-05    0.0000E+00
   208   -2.0381E-06    0.0000E+00   -4.5029E-06    0.0000E+00
   209   -3.6722E-07    0.0000E+00    3.0177E-06    0.0000E+00
   210    2.3133E-06    0.0000E+00   -8.6789E-05    0.0000E+00
   211    4.0485E-07    0.0000E+00    7.8439E-05    0.0000E+00
   212   -4.5674E-07    0.0000E+00    1.3025E-05    0.0000E+00
   213   -1.4889E-06    0.0000E+00   -1.5214E-04    0.0000E+00
   214   -3.7303E-07    0.0000E+00   -1.5489E-04    0.0000E+00
   215    6.9514E-07    0.0000E+00   -6.1054E-05    0.0000E+00
   216   -7.4738E-09    0.0000E+00   -1.1902E-05    0.0000E+00
   217   -5.4026E-07    0.0000E+00   -3.3950E-06    0.0000E+00
   218   -3.7281E-07    0.0000E+00    7.3501E-06    0.0000E+00
   219   -5.8045E-08    0.0000E+00    3.4100E-05    0.0000E+00
   220   -2.4127E-07    0.0000E+00   -2.9504E-06    0.0000E+00
   221   -5.3583E-07    0.0000E+00   -8.0364E-05    0.0000E+00
   222    2.8176E-07    0.0000E+00    3.7924E-05    0.0000E+00
   223    1.1512E-06    0.0000E+00   -3.7551E-05    0.0000E+00
   224    2.9982E-06    0.0000E+00    1.5009E-06    0.0000E+00
   225    1.3274E-06    0.0000E+00    1.1477E-05    0.0000E+00
   226    1.2516E-06    0.0000E+00   -6.9183E-06    0.0000E+00
   227    6.5780E-07    0.0000E+00    2.1773E-06    0.0000E+00
   228    2.8542E-07    0.0000E+00    1.1164E-05    0.0000E+00
   229    5.6993E-07    0.0000E+00    6.4165E-06    0.0000E+00
   230    5.9143E-07    0.0000E+00   -2.8382E-06    0.0000E+00
   231    5.5168E-07    0.0000E+00   -7.3601E-06    0.0000E+00
   232    3.8621E-07    0.0000E+00    9.4679E-06    0.0000E+00
   233    4.6264E-07    0.0000E+00    1.5330E-05    0.0000E+00
   234    1.6268E-07    0.0000E+00    1.6489E-05    0.0000E+00
   235   -2.3204E-08    0.0000E+00   -1.6964E-05    0.0000E+00
   236   -1.1636E-06    0.0000E+00   -1.1978E-04    0.0000E+00
   237   -4.6376E-07    0.0000E+00   -1.0564E-04    0.0000E+00
   238    3.0398E-06    0.0000E+00    7.5802E-05    0.0000E+00
   239    2.2945E-06    0.0000E+00    1.4747E-04    0.0000E+00
   240   -5.6669E-06    0.0000E+00   -2.3572E-04    0.0000E+00
   241    1.5487E-06    0.0000E+00    8.3974E-05    0.0000E+00
   242    1.2886E-06    0.0000E+00    1.4805E-05    0.0000E+00
   243    7.6860E-06    0.0000E+00   -2.9320E-05    0.0000E+00
   244   -3.6188E-07    0.0000E+00   -2.9143E-06    0.0000E+00
   245    5.5421E-06    0.0000E+00   -7.8910E-05    0.0000E+00
   246   -2.3928E-05    0.0000E+00   -7.1783E-05    0.0000E+00
   247   -9.9553E-05    0.0000E+00    1.2685E-04    0.0000E+00
   248   -6.2373E-05    0.0000E+00   -3.2968E-04    0.0000E+00
   249   -4.9992E-05    0.0000E+00   -1.5619E-04    0.0000E+00
   250   -1.4972E-06    0.0000E+00    2.4688E-04    0.0000E+00
   251    8.1392E-06    0.0000E+00   -3.7359E-05    0.0000E+00
   252    4.9395E-06    0.0000E+00   -2.5758E-05    0.0000E+00
   253    5.2135E-07    0.0000E+00    1.1103E-05    0.0000E+00
   254   -1.5047E-06    0.0000E+00    1.2858E-05    0.0000E+00
   255   -1.2333E-06    0.0000E+00    1.2420E-05    0.0000E+00
   256    1.9436E-06    0.0000E+00    1.1380E-05    0.0000E+00
   257    1.0322E-06    0.0000E+00   -1.5233E-05    0.0000E+00
   258   -1.5289E-09    0.0000E+00   -4.3019E-06    0.0000E+00
   259    9.1375E-07    0.0000E+00    4.7642E-05    0.0000E+00
   260    5.0926E-07    0.0000E+00    2.0081E-05    0.0000E+00
   261    3.6506E-07    0.0000E+00   -2.8413E-05    0.0000E+00
   262    9.3757E-07    0.0000E+00    4.2543E-05    0.0000E+00
   263    5.7084E-07    0.0000E+00    8.9209E-05    0.0000E+00
   264    5.4564E-07    0.0000E+00    6.6934E-05    0.0000E+00
   265    5.6108E-07    0.0000E+00    1.6507E-05    0.0000E+00
   266    4.4742E-07    0.0000E+00    1.0376E-05    0.0000E+00
   267    4.2444E-07    0.0000E+00   -2.0496E-06    0.0000E+00
   268    6.3020E-07    0.0000E+00   -3.2696E-05    0.0000E+00
   269    5.1258E-07    0.0000E+00   -4.2152E-05    0.0000E+00
   270    1.1144E-07    0.0000E+00    1.4905E-05    0.0000E+00
   271   -6.2620E-07    0.0000E+00   -1.0220E-05    0.0000E+00
   272   -6.8097E-07    0.0000E+00   -1.2072E-05    0.0000E+00
   273   -1.7605E-06    0.0000E+00   -1.8247E-05    0.0000E+00
   274   -5.0241E-06    0.0000E+00    2.5830E-05    0.0000E+00
   275   -4.7277E-06    0.0000E+00    1.7955E-05    0.0000E+00
   276   -2.0189E-06    0.0000E+00   -2.6061E-07    0.0000E+00
   277   -1.1133E-06    0.0000E+00   -6.2334E-07    0.0000E+00
   278   -1.6235E-06    0.0000E+00    2.7152E-06    0.0000E+00
   279   -1.8208E-06    0.0000E+00   -3.2627E-06    0.0000E+00
   280   -9.7292E-07    0.0000E+00   -4.3138E-06    0.0000E+00
   281   -8.8780E-07    0.0000E+00   -7.1910E-06    0.0000E+00
   282   -1.0777E-06    0.0000E+00    5.0317E-06    0.0000E+00
   283   -1.3420E-06    0.0000E+00    1.0939E-06    0.0000E+00
   284   -1.8493E-06    0.0000E+00    4.3048E-06    0.0000E+00
   285   -6.6625E-07    0.0000E+00   -1.3770E-05    0.0000E+00
   286   -7.8668E-07    0.0000E+00   -3.8145E-05    0.0000E+00
   287   -4.5519E-06    0.0000E+00   -2.5079E-05    0.0000E+00
   288   -7.3803E-07    0.0000E+00    3.3454E-05    0.0000E+00
   289    3.0322E-06    0.0000E+00    2.0537E-05    0.0000E+00
   290   -4.0708E-06    0.0000E+00   -8.9857E-05    0.0000E+00
   291   -3.6265E-06    0.0000E+00    5.5538E-05    0.0000E+00
   292   -1.9947E-06    0.0000E+00   -2.0696E-05    0.0000E+00
   293   -4.2891E-06    0.0000E+00    1.0933E-05    0.0000E+00
   294    2.6185E-05    0.0000E+00    1.6122E-06    0.0000E+00
   295    3.0253E-05    0.0000E+00    8.1849E-05    0.0000E+00
   296    8.9468E-08    0.0000E+00   -3.1076E-04    0.0000E+00
   297   -6.7211E-06    0.0000E+00   -1.6244E-04    0.0000E+00
   298    4.1202E-05    0.0000E+00    3.2615E-05    0.0000E+00
   299    8.3430E-07    0.0000E+00   -1.0350E-04    0.0000E+00
   300   -1.2977E-05    0.0000E+00    2.6764E-05    0.0000E+00
   301   -5.0903E-06    0.0000E+00    5.9903E-06    0.0000E+00
   302   -2.4096E-06    0.0000E+00    2.1749E-05    0.0000E+00
   303   -3.9946E-07    0.0000E+00    1.8251E-06    0.0000E+00
   304    2.2009E-06    0.0000E+00   -7.3268E-06    0.0000E+00
   305   -2.8144E-06    0.0000E+00   -7.1283E-06    0.0000E+00
   306   -2.8936E-06    0.0000E+00    6.4842E-06    0.0000E+00
   307    4.0149E-07    0.0000E+00    1.4084E-06    0.0000E+00
   308   -1.6492E-06    0.0000E+00   -3.2378E-06    0.0000E+00
   309   -2.6955E-06    0.0000E+00   -2.0868E-05    0.0000E+00
   310   -1.6710E-06    0.0000E+00   -1.4451E-06    0.0000E+00
   311   -1.1328E-06    0.0000E+00   -1.5348E-05    0.0000E+00
   312   -5.7253E-07    0.0000E+00   -4.2978E-05    0.0000E+00
   313   -1.4839E-06    0.0000E+00   -4.0137E-05    0.0000E+00
   314   -2.1633E-06    0.0000E+00   -1.3349E-05    0.0000E+00
   315   -1.2319E-06    0.0000E+00   -7.0264E-06    0.0000E+00
   316   -1.0182E-06    0.0000E+00   -6.7010E-06    0.0000E+00
   317   -1.3690E-06    0.0000E+00   -2.0353E-06    0.0000E+00
   318   -1.9463E-07    0.0000E+00    5.2843E-05    0.0000E+00
   319    1.4266E-07    0.0000E+00    5.7005E-05    0.0000E+00
   320    9.4353E-07    0.0000E+00    1.5949E-05    0.0000E+00
   321    6.7380E-07    0.0000E+00   -2.9646E-05    0.0000E+00
   322   -4.1991E-07    0.0000E+00   -7.3087E-06    0.0000E+00
   323   -1.5776E-06    0.0000E+00    3.3424E-05    0.0000E+00
   324    7.5269E-07    0.0000E+00   -1.0120E-05    0.0000E+00
   325    1.2010E-06    0.0000E+00   -5.8220E-08    0.0000E+00
   326    7.7229E-07    0.0000E+00    6.4568E-06    0.0000E+00
   327    1.1993E-06    0.0000E+00   -5.1102E-07    0.0000E+00
   328   -3.6419E-08    0.0000E+00   -7.1137E-06    0.0000E+00
   329   -1.4025E-07    0.0000E+00   -2.6714E-06    0.0000E+00
   330    2.4992E-07    0.0000E+00    3.7435E-06    0.0000E+00
   331    1.4434E-06    0.0000E+00   -4.0721E-06    0.0000E+00
   332    8.3534E-07    0.0000E+00    5.3011E-06    0.0000E+00
   333    3.9548E-07    0.0000E+00    4.3737E-07    0.0000E+00
   334   -1.1523E-06    0.0000E+00   -1.7741E-06    0.0000E+00
   335    1.1411E-06    0.0000E+00    2.3423E-06    0.0000E+00
   336    7.8367E-07    0.0000E+00   -7.6878E-06    0.0000E+00
   337   -8.9611E-08    0.0000E+00   -8.8617E-06    0.0000E+00
   338    7.7445E-08    0.0000E+00    1.9112E-05    0.0000E+00
   339    3.9011E-06    0.0000E+00   -3.8686E-06    0.0000E+00
   340    1.1748E-06    0.0000E+00   -2.7539E-05    0.0000E+00
   341   -9.5750E-07    0.0000E+00    8.3452E-06    0.0000E+00
   342   -3.8475E-06    0.0000E+00   -6.1484E-06    0.0000E+00
   343   -1.4642E-05    0.0000E+00   -1.3143E-05    0.0000E+00
   344   -1.6519E-05    0.0000E+00    7.8590E-05    0.0000E+00
   345    4.6668E-05    0.0000E+00    6.2553E-05    0.0000E+00
   346    6.2694E-05    0.0000E+00    5.3294E-05    0.0000E+00
   347    2.0711E-06    0.0000E+00   -1.4975E-05    0.0000E+00
   348    1.1582E-05    0.0000E+00    8.2208E-05    0.0000E+00
   349    3.6639E-05    0.0000E+00    2.5553E-05    0.0000E+00
   350    1.3382E-05    0.0000E+00   -1.7445E-05    0.0000E+00
   351   -9.9115E-07    0.0000E+00   -1.8993E-05    0.0000E+00
   352   -4.9444E-06    0.0000E+00   -1.4425E-05    0.0000E+00
   353    5.8272E-08    0.0000E+00    7.9863E-06    0.0000E+00
   354    4.3611E-06    0.0000E+00    3.1634E-06    0.0000E+00
   355    1.1140E-06    0.0000E+00   -5.0369E-06    0.0000E+00
   356   -1.2073E-06    0.0000E+00   -8.9754E-06    0.0000E+00
   357    1.5339E-06    0.0000E+00    2.3298E-06    0.0000E+00
   358    1.1140E-06    0.0000E+00    4.8406E-06    0.0000E+00
   359    4.5940E-07    0.0000E+00   -1.6150E-07    0.0000E+00
   360   -2.7185E-07    0.0000E+00    1.9979E-06    0.0000E+00
   361    1.3499E-07    0.0000E+00    2.3716E-05    0.0000E+00
   362    1.6083E-06    0.0000E+00    2.1760E-05    0.0000E+00
   363    1.4369E-06    0.0000E+00    9.1747E-06    0.0000E+00
   364    2.9903E-08    0.0000E+00   -5.1395E-06    0.0000E+00
   365    1.6286E-07    0.0000E+00    7.7941E-06    0.0000E+00
   366    8.9559E-07    0.0000E+00    9.5341E-08    0.0000E+00
   367    7.1637E-07    0.0000E+00   -2.4486E-06    0.0000E+00
   368   -1.9293E-07    0.0000E+00   -3.7897E-05    0.0000E+00
   369    3.2299E-07    0.0000E+00    1.5599E-05    0.0000E+00
   370   -9.3182E-08    0.0000E+00   -5.4556E-06    0.0000E+00
   371    5.9749E-07    0.0000E+00    4.2136E-06    0.0000E+00
   372    1.5806E-06    0.0000E+00   -2.3790E-05    0.0000E+00
   373    4.2832E-06    0.0000E+00   -2.2482E-05    0.0000E+00
   374    3.6806E-06    0.0000E+00   -1.6885E-05    0.0000E+00
   375    1.6247E-06    0.0000E+00   -7.4563E-06    0.0000E+00
   376    8.7975E-07    0.0000E+00    6.0287E-06    0.0000E+00
   377    1.8115E-06    0.0000E+00    2.4730E-06    0.0000E+00
   378    2.0988E-06    0.0000E+00   -2.9270E-07    0.0000E+00
   379    1.0964E-06    0.0000E+00    3.9105E-08    0.0000E+00
   380   -6.7053E-08    0.0000E+00   -1.1956E-06    0.0000E+00
   381    2.4243E-07    0.0000E+00    2.0474E-06    0.0000E+00
   382    1.5133E-06    0.0000E+00    5.1955E-06    0.0000E+00
   383    2.8481E-06    0.0000E+00    9.2908E-08    0.0000E+00
   384   -2.6883E-07    0.0000E+00   -2.2630E-06    0.0000E+00
   385   -4.4539E-08    0.0000E+00    1.1467E-06    0.0000E+00
   386    3.6901E-06    0.0000E+00    2.5366E-06    0.0000E+00
   387    1.1248E-06    0.0000E+00    8.0440E-07    0.0000E+00
   388   -4.5062E-06    0.0000E+00   -3.4264E-09    0.0000E+00
   389    1.5555E-06    0.0000E+00    2.6098E-06    0.0000E+00
   390    4.6163E-06    0.0000E+00    4.5705E-06    0.0000E+00
   391    3.5474E-06    0.0000E+00    2.9983E-06    0.0000E+00
   392    1.3781E-05    0.0000E+00   -6.3341E-06    0.0000E+00
   393   -1.5388E-05    0.0000E+00   -4.2900E-05    0.0000E+00
   394   -4.5141E-05    0.0000E+00   -5.1800E-06    0.0000E+00
   395   -5.0178E-05    0.0000E+00    8.7241E-05    0.0000E+00
   396    6.6782E-06    0.0000E+00    3.8804E-05    0.0000E+00
   397   -2.0586E-06    0.0000E+00   -3.7029E-05    0.0000E+00
   398   -2.8743E-05    0.0000E+00   -2.7519E-05    0.0000E+00
   399   -1.7940E-05    0.0000E+00    2.9500E-05    0.0000E+00
   400    6.8899E-07    0.0000E+00    1.3369E-05    0.0000E+00
   401    8.2211E-06    0.0000E+00    3.6119E-06    0.0000E+00
   402    2.0828E-06    0.0000E+00   -3.2809E-06    0.0000E+00
   403   -4.2499E-06    0.0000E+00   -1.0947E-06    0.0000E+00
   404    3.0896E-07    0.0000E+00    3.9555E-06    0.0000E+00
   405    3.4274E-06    0.0000E+00    2.1887E-06    0.0000E+00
   406    7.0141E-08    0.0000E+00    1.6219E-06    0.0000E+00
   407    9.6929E-07    0.0000E+00    6.0800E-07    0.0000E+00
   408    1.8252E-06    0.0000E+00    1.6419E-06    0.0000E+00
   409    1.7186E-06    0.0000E+00    1.7684E-06    0.0000E+00
   410    1.4415E-06    0.0000E+00   -7.0190E-06    0.0000E+00
   411   -3.1267E-07    0.0000E+00   -1.2793E-05    0.0000E+00
   412   -6.9026E-08    0.0000E+00   -6.6092E-06    0.0000E+00
   413    1.6937E-06    0.0000E+00    3.5318E-06    0.0000E+00
   414    1.5586E-06    0.0000E+00    4.0177E-07    0.0000E+00
   415    4.8071E-07    0.0000E+00   -4.0647E-06    0.0000E+00
   416    1.0447E-06    0.0000E+00   -3.1195E-07    0.0000E+00
   417    6.8153E-07    0.0000E+00    2.6261E-05    0.0000E+00
   418    4.2957E-07    0.0000E+00    1.9388E-05    0.0000E+00
   419   -7.0937E-07    0.0000E+00   -2.3318E-06    0.0000E+00
   420   -1.3398E-06    0.0000E+00    1.1705E-05    0.0000E+00
   421   -3.2138E-07    0.0000E+00    1.7035E-05    0.0000E+00
   422    4.0020E-07    0.0000E+00   -6.8576E-06    0.0000E+00
   423   -1.4932E-06    0.0000E+00    8.8666E-06    0.0000E+00
   424   -2.0966E-06    0.0000E+00    9.1226E-06    0.0000E+00
   425   -1.5524E-06    0.0000E+00   -3.3472E-06    0.0000E+00
   426   -2.2369E-06    0.0000E+00    8.4052E-07    0.0000E+00
   427   -2.0933E-06    0.0000E+00    5.3599E-07    0.0000E+00
   428   -4.9539E-07    0.0000E+00    4.5446E-07    0.0000E+00
   429    4.7699E-07    0.0000E+00   -4.0969E-07    0.0000E+00
   430   -9.7675E-07    0.0000E+00   -2.0667E-06    0.0000E+00
   431   -2.2808E-06    0.0000E+00   -1.7159E-06    0.0000E+00
   432   -2.6274E-06    0.0000E+00    2.0983E-06    0.0000E+00
   433   -5.6182E-08    0.0000E+00   -1.1657E-06    0.0000E+00
   434   -1.0107E-07    0.0000E+00   -2.7873E-06    0.0000E+00
   435   -3.0319E-06    0.0000E+00    7.1213E-07    0.0000E+00
   436   -4.7139E-07    0.0000E+00    2.0057E-06    0.0000E+00
   437    2.0355E-06    0.0000E+00   -3.8335E-06    0.0000E+00
   438   -4.9268E-06    0.0000E+00   -3.2994E-06    0.0000E+00
   439   -3.9874E-06    0.0000E+00   -2.7358E-06    0.0000E+00
   440   -3.7308E-06    0.0000E+00    5.2110E-06    0.0000E+00
   441   -1.1558E-06    0.0000E+00    5.5390E-06    0.0000E+00
   442    1.2710E-05    0.0000E+00    1.9331E-05    0.0000E+00
   443    5.1132E-05    0.0000E+00   -2.0637E-05    0.0000E+00
   444   -1.8133E-05    0.0000E+00   -7.5018E-05    0.0000E+00
   445   -4.9329E-05    0.0000E+00   -6.9666E-05    0.0000E+00
   446   -3.1787E-05    0.0000E+00    3.4247E-06    0.0000E+00
   447    2.6446E-06    0.0000E+00    1.4432E-05    0.0000E+00
   448   -7.0350E-07    0.0000E+00   -2.1904E-05    0.0000E+00
   449   -1.1080E-05    0.0000E+00   -1.8651E-05    0.0000E+00
   450   -1.0521E-05    0.0000E+00    1.2310E-06    0.0000E+00
   451   -2.3150E-06    0.0000E+00    7.6464E-06    0.0000E+00
   452    3.6682E-06    0.0000E+00   -4.3888E-07    0.0000E+00
   453   -1.1816E-06    0.0000E+00   -2.0985E-06    0.0000E+00
   454   -3.3603E-06    0.0000E+00   -4.4684E-07    0.0000E+00
   455   -4.8656E-07    0.0000E+00   -3.7339E-07    0.0000E+00
   456   -1.2059E-06    0.0000E+00   -8.9586E-07    0.0000E+00
   457   -3.1570E-06    0.0000E+00   -1.2696E-07    0.0000E+00
   458   -2.2728E-06    0.0000E+00    2.6484E-07    0.0000E+00
   459   -5.4556E-07    0.0000E+00    2.7255E-06    0.0000E+00
   460    1.5776E-07    0.0000E+00    3.3247E-06    0.0000E+00
   461   -9.4180E-07    0.0000E+00    1.9970E-06    0.0000E+00
   462   -2.0744E-06    0.0000E+00    2.3715E-06    0.0000E+00
   463   -1.4589E-06    0.0000E+00   -1.8829E-06    0.0000E+00
   464   -2.4380E-07    0.0000E+00   -4.1952E-06    0.0000E+00
   465   -1.3850E-07    0.0000E+00    8.6087E-06    0.0000E+00
   466   -3.9335E-07    0.0000E+00    1.0212E-05    0.0000E+00
   467    1.3281E-07    0.0000E+00    9.5184E-06    0.0000E+00
   468   -1.1611E-06    0.0000E+00   -1.7479E-05    0.0000E+00
   469    1.7026E-06    0.0000E+00   -2.8828E-06    0.0000E+00
   470    1.9767E-06    0.0000E+00    3.4738E-05    0.0000E+00
   471    7.8175E-08    0.0000E+00    3.4807E-05    0.0000E+00
   472   -3.0311E-06    0.0000E+00    2.2701E-05    0.0000E+00
   473   -2.5134E-06    0.0000E+00    1.5459E-06    0.0000E+00
   474    8.3278E-08    0.0000E+00    4.1925E-06    0.0000E+00
   475    4.8830E-07    0.0000E+00   -6.7341E-07    0.0000E+00
   476    3.1562E-07    0.0000E+00   -3.0190E-06    0.0000E+00
   477   -5.4462E-07    0.0000E+00   -1.2028E-06    0.0000E+00
   478   -7.9655E-07    0.0000E+00   -3.9613E-07    0.0000E+00
   479   -7.0281E-07    0.0000E+00    2.8407E-06    0.0000E+00
   480    2.7059E-06    0.0000E+00    7.8700E-07    0.0000E+00
   481    3.2517E-07    0.0000E+00   -3.5087E-06    0.0000E+00
   482   -1.1510E-07    0.0000E+00   -7.8261E-08    0.0000E+00
   483   -1.0785E-07    0.0000E+00   -1.4119E-07    0.0000E+00
   484    9.9030E-08    0.0000E+00   -1.8715E-06    0.0000E+00
   485   -2.0974E-06    0.0000E+00   -1.6932E-06    0.0000E+00
   486    1.6881E-06    0.0000E+00    5.1380E-06    0.0000E+00
   487    1.3444E-06    0.0000E+00    3.8872E-07    0.0000E+00
   488    5.2415E-06    0.0000E+00   -4.7513E-06    0.0000E+00
   489    2.0313E-07    0.0000E+00   -5.1609E-06    0.0000E+00
   490   -3.6047E-06    0.0000E+00   -7.7342E-06    0.0000E+00
   491   -8.0895E-06    0.0000E+00    4.5594E-06    0.0000E+00
   492   -3.2992E-05    0.0000E+00    1.1611E-05    0.0000E+00
   493    3.6014E-05    0.0000E+00    5.5399E-05    0.0000E+00
   494    8.0097E-05    0.0000E+00    4.0001E-05    0.0000E+00
   495    4.4956E-05    0.0000E+00   -9.7446E-06    0.0000E+00
   496    7.9351E-06    0.0000E+00   -2.2719E-05    0.0000E+00
   497    9.4475E-07    0.0000E+00    3.2086E-06    0.0000E+00
   498    1.9097E-05    0.0000E+00    8.6093E-06    0.0000E+00
   499    8.6551E-06    0.0000E+00   -1.0838E-05    0.0000E+00
   500    1.6543E-06    0.0000E+00   -1.2015E-05    0.0000E+00
   501   -1.9836E-06    0.0000E+00   -1.8837E-06    0.0000E+00
   502   -1.2928E-07    0.0000E+00    4.0577E-06    0.0000E+00
   503    1.4129E-06    0.0000E+00   -7.6578E-07    0.0000E+00
   504    7.3270E-07    0.0000E+00   -1.8657E-06    0.0000E+00
   505   -6.5165E-07    0.0000E+00   -3.1717E-07    0.0000E+00
   506    1.7305E-06    0.0000E+00   -3.6256E-07    0.0000E+00
   507    8.8569E-07    0.0000E+00   -2.9047E-06    0.0000E+00
   508    3.3398E-08    0.0000E+00   -1.9221E-07    0.0000E+00
   509   -1.3276E-06    0.0000E+00   -5.4894E-07    0.0000E+00
   510   -1.5431E-07    0.0000E+00   -6.0866E-07    0.0000E+00
   511    1.4456E-06    0.0000E+00   -4.5248E-07    0.0000E+00
   512    5.9080E-07    0.0000E+00    1.2067E-06    0.0000E+00
   513   -5.0756E-07    0.0000E+00   -2.5047E-06    0.0000E+00
   514    2.6730E-08    0.0000E+00    1.3899E-05    0.0000E+00
   515   -4.2792E-08    0.0000E+00   -6.3094E-06    0.0000E+00
   516    1.1976E-06    0.0000E+00    2.0500E-05    0.0000E+00
   517   -3.3709E-07    0.0000E+00   -1.9410E-05    0.0000E+00
   518   -1.1250E-07    0.0000E+00   -9.5568E-06    0.0000E+00
   519    5.5735E-08    0.0000E+00    1.1701E-05    0.0000E+00
   520   -6.0917E-08    0.0000E+00   -1.0662E-05    0.0000E+00
   521    1.4098E-07    0.0000E+00   -1.1887E-05    0.0000E+00
   522    2.1646E-06    0.0000E+00   -7.0223E-06    0.0000E+00
   523    2.0949E-06    0.0000E+00   -7.4457E-06    0.0000E+00
   524    3.5225E-07    0.0000E+00   -4.7152E-06    0.0000E+00
   525    1.6387E-06    0.0000E+00    2.6735E-06    0.0000E+00
   526    3.1172E-06    0.0000E+00    2.8718E-06    0.0000E+00
   527    1.5858E-06    0.0000E+00    3.3162E-07    0.0000E+00
   528   -1.7888E-07    0.0000E+00   -7.2990E-07    0.0000E+00
   529   -4.3063E-07    0.0000E+00    1.3447E-06    0.0000E+00
   530   -2.0509E-07    0.0000E+00    6.7892E-07    0.0000E+00
   531    3.7826E-06    0.0000E+00    1.9551E-06    0.0000E+00
   532    1.6651E-06    0.0000E+00   -1.2670E-07    0.0000E+00
   533   -5.4983E-07    0.0000E+00   -1.8510E-07    0.0000E+00
   534    4.4467E-06    0.0000E+00    2.9852E-06    0.0000E+00
   535    1.2977E-06    0.0000E+00   -2.2149E-07    0.0000E+00
   536   -5.2771E-06    0.0000E+00   -3.7181E-07    0.0000E+00
   537    9.8693E-07    0.0000E+00    2.4067E-06    0.0000E+00
   538    4.7395E-06    0.0000E+00    9.1442E-06    0.0000E+00
   539    2.9602E-06    0.0000E+00    2.2469E-07    0.0000E+00
   540    1.5782E-05    0.0000E+00    8.8214E-06    0.0000E+00
   541   -1.6781E-05    0.0000E+00   -3.2771E-05    0.0000E+00
   542   -9.2286E-06    0.0000E+00   -2.7592E-05    0.0000E+00
   543   -4.4729E-05    0.0000E+00    4.6369E-05    0.0000E+00
   544   -4.6282E-05    0.0000E+00    5.1140E-05    0.0000E+00
   545   -1.4478E-05    0.0000E+00    2.4671E-05    0.0000E+00
   546   -5.2431E-06    0.0000E+00   -3.1497E-06    0.0000E+00
   547   -1.1408E-05    0.0000E+00   -6.2482E-06    0.0000E+00
   548   -1.1276E-05    0.0000E+00    8.1259E-06    0.0000E+00
   549    6.6417E-06    0.0000E+00    1.0677E-05    0.0000E+00
   550    7.0021E-06    0.0000E+00    4.0878E-06    0.0000E+00
   551   -1.1023E-06    0.0000E+00   -2.0420E-06    0.0000E+00
   552   -1.3113E-06    0.0000E+00   -1.3765E-06    0.0000E+00
   553    1.8905E-06    0.0000E+00    1.6161E-06    0.0000E+00
   554    4.5249E-07    0.0000E+00    1.2920E-06    0.0000E+00
   555    5.6113E-07    0.0000E+00    4.1155E-07    0.0000E+00
   556    1.7441E-06    0.0000E+00    2.1078E-07    0.0000E+00
   557    3.0641E-06    0.0000E+00    3.4845E-06    0.0000E+00
   558    1.5173E-06    0.0000E+00   -1.5002E-06    0.0000E+00
   559    2.3904E-07    0.0000E+00   -3.9454E-06    0.0000E+00
   560   -2.9090E-07    0.0000E+00   -3.5603E-07    0.0000E+00
   561    1.2742E-06    0.0000E+00    2.0437E-06    0.0000E+00
   562    1.8880E-06    0.0000E+00   -3.5715E-06    0.0000E+00
   563    1.3750E-06    0.0000E+00    2.0635E-06    0.0000E+00
   564    1.3454E-08    0.0000E+00    6.5661E-06    0.0000E+00
   565   -5.2591E-07    0.0000E+00    1.3604E-05    0.0000E+00
   566   -6.7890E-07    0.0000E+00   -4.6847E-06    0.0000E+00
   567    1.2720E-06    0.0000E+00    1.9314E-06    0.0000E+00
   568   -1.1502E-06    0.0000E+00    2.9637E-06    0.0000E+00
   569   -2.3401E-06    0.0000E+00    1.7027E-06    0.0000E+00
   570   -1.1264E-06    0.0000E+00   -3.1643E-06    0.0000E+00
   571    1.1175E-06    0.0000E+00   -9.4828E-06    0.0000E+00
   572    9.5167E-07    0.0000E+00    1.5102E-06    0.0000E+00
   573   -8.2388E-07    0.0000E+00    1.0967E-06    0.0000E+00
   574   -1.0748E-06    0.0000E+00   -1.6384E-06    0.0000E+00
   575   -1.5189E-06    0.0000E+00    3.1755E-06    0.0000E+00
   576   -3.0389E-06    0.0000E+00    7.3990E-07    0.0000E+00
   577   -2.4755E-07    0.0000E+00    1.4220E-06    0.0000E+00
   578    7.6540E-07    0.0000E+00    6.9055E-07    0.0000E+00
   579   -9.6379E-07    0.0000E+00   -2.3182E-06    0.0000E+00
   580   -1.9083E-06    0.0000E+00   -5.8662E-07    0.0000E+00
   581   -3.3055E-06    0.0000E+00    6.7233E-07    0.0000E+00
   582   -1.6525E-06    0.0000E+00   -1.6194E-06    0.0000E+00
   583    1.0426E-06    0.0000E+00    2.4793E-06    0.0000E+00
   584   -4.3233E-06    0.0000E+00    1.9427E-06    0.0000E+00
   585    1.3342E-06    0.0000E+00   -3.0403E-06    0.0000E+00
   586    1.4368E-06    0.0000E+00   -3.3280E-06    0.0000E+00
   587   -4.2062E-06    0.0000E+00    6.3091E-07    0.0000E+00
   588   -1.0560E-05    0.0000E+00   -2.4140E-06    0.0000E+00
   589    3.1026E-06    0.0000E+00    8.0905E-06    0.0000E+00
   590   -1.3238E-05    0.0000E+00    2.2474E-06    0.0000E+00
   591    4.0723E-05    0.0000E+00    5.7788E-06    0.0000E+00
   592    1.4210E-05    0.0000E+00   -1.8517E-05    0.0000E+00
   593   -3.5459E-05    0.0000E+00   -5.9021E-05    0.0000E+00
   594   -3.9436E-05    0.0000E+00   -5.0370E-05    0.0000E+00
   595   -1.8559E-05    0.0000E+00   -1.5955E-05    0.0000E+00
   596    5.0577E-07    0.0000E+00   -5.4661E-07    0.0000E+00
   597    1.9219E-06    0.0000E+00   -9.4070E-06    0.0000E+00
   598   -1.2243E-06    0.0000E+00   -5.4143E-06    0.0000E+00
   599   -9.3031E-06    0.0000E+00    1.8964E-06    0.0000E+00
   600   -4.8943E-06    0.0000E+00    8.3884E-07    0.0000E+00
   601    2.4319E-06    0.0000E+00    5.3705E-07    0.0000E+00
   602   -1.1636E-06    0.0000E+00    7.2258E-08    0.0000E+00
   603   -2.7447E-06    0.0000E+00   -5.3943E-07    0.0000E+00
   604   -5.0087E-07    0.0000E+00    6.7830E-07    0.0000E+00
   605   -1.4105E-06    0.0000E+00   -4.8269E-07    0.0000E+00
   606   -2.8258E-06    0.0000E+00    8.1498E-07    0.0000E+00
   607   -3.0931E-06    0.0000E+00    9.7287E-08    0.0000E+00
   608   -7.8618E-07    0.0000E+00    1.8335E-07    0.0000E+00
   609    1.5187E-07    0.0000E+00    5.5766E-07    0.0000E+00
   610   -1.0763E-06    0.0000E+00    3.4011E-06    0.0000E+00
   611   -2.5164E-06    0.0000E+00   -2.1166E-07    0.0000E+00
   612   -9.9607E-07    0.0000E+00    1.2179E-06    0.0000E+00
   613   -7.6151E-08    0.0000E+00    1.3860E-05    0.0000E+00
   614    1.8845E-07    0.0000E+00   -9.1340E-08    0.0000E+00
   615   -9.6841E-07    0.0000E+00   -3.7085E-06    0.0000E+00
   616   -4.3068E-07    0.0000E+00   -6.7925E-06    0.0000E+00
   617   -6.7747E-07    0.0000E+00    1.6550E-06    0.0000E+00
   618    7.2219E-07    0.0000E+00   -8.6262E-06    0.0000E+00
   619    1.0163E-06    0.0000E+00   -2.5229E-06    0.0000E+00
   620    3.9227E-07    0.0000E+00    5.8590E-06    0.0000E+00
   621   -2.3538E-06    0.0000E+00    3.6100E-06    0.0000E+00
   622   -1.9121E-06    0.0000E+00    3.0908E-06    0.0000E+00
   623    2.9998E-07    0.0000E+00    2.8414E-06    0.0000E+00
   624    2.7906E-07    0.0000E+00    1.1914E-06    0.0000E+00
   625   -1.8580E-06    0.0000E+00   -4.2477E-06    0.0000E+00
   626   -2.6169E-07    0.0000E+00   -2.0074E-06    0.0000E+00
   627   -1.1225E-06    0.0000E+00    1.6039E-06    0.0000E+00
   628    4.1868E-07    0.0000E+00    2.9140E-06    0.0000E+00
   629    1.8972E-06    0.0000E+00    1.7227E-07    0.0000E+00
   630   -6.3200E-07    0.0000E+00   -1.4612E-06    0.0000E+00
   631   -1.1778E-06    0.0000E+00   -1.8980E-06    0.0000E+00
   632    1.4785E-06    0.0000E+00   -1.2720E-07    0.0000E+00
   633   -4.5466E-06    0.0000E+00   -2.3301E-06    0.0000E+00
   634   -2.9256E-07    0.0000E+00   -7.0071E-07    0.0000E+00
   635    2.5066E-06    0.0000E+00    4.0648E-06    0.0000E+00
   636    2.6173E-06    0.0000E+00    5.3075E-07    0.0000E+00
   637    3.6848E-07    0.0000E+00   -5.7178E-06    0.0000E+00
   638    4.4135E-07    0.0000E+00   -2.3141E-06    0.0000E+00
   639   -7.7795E-06    0.0000E+00   -1.0627E-05    0.0000E+00
   640    8.6832E-06    0.0000E+00    9.4747E-06    0.0000E+00
   641   -2.3145E-05    0.0000E+00    9.6122E-06    0.0000E+00
   642    2.4991E-05    0.0000E+00    1.5552E-05    0.0000E+00
   643    5.9222E-05    0.0000E+00    9.2644E-06    0.0000E+00
   644    4.4842E-05    0.0000E+00   -2.0694E-07    0.0000E+00
   645    1.4790E-05    0.0000E+00   -2.9688E-06    0.0000E+00
   646    4.5729E-06    0.0000E+00    3.3128E-06    0.0000E+00
   647    1.1639E-05    0.0000E+00    6.3517E-06    0.0000E+00
   648    2.2940E-06    0.0000E+00   -3.1517E-06    0.0000E+00
   649   -3.3402E-07    0.0000E+00   -5.9686E-06    0.0000E+00
   650    5.7484E-07    0.0000E+00   -7.4728E-08    0.0000E+00
   651   -9.6150E-07    0.0000E+00    9.1486E-07    0.0000E+00
   652   -4.4243E-08    0.0000E+00   -1.2499E-06    0.0000E+00
   653    9.0086E-07    0.0000E+00   -7.2622E-07    0.0000E+00
   654   -4.0030E-08    0.0000E+00    6.0159E-08    0.0000E+00
   655    5.2943E-07    0.0000E+00    9.3098E-08    0.0000E+00
   656   -6.6365E-07    0.0000E+00   -2.0614E-06    0.0000E+00
   657   -6.7617E-07    0.0000E+00   -1.8131E-06    0.0000E+00
   658   -6.2190E-07    0.0000E+00    2.8086E-06    0.0000E+00
   659    5.5261E-07    0.0000E+00   -1.3026E-06    0.0000E+00
   660    4.2144E-07    0.0000E+00   -2.8871E-06    0.0000E+00
   661    2.8675E-07    0.0000E+00   -4.0957E-07    0.0000E+00
   662   -4.6493E-07    0.0000E+00    7.1177E-06    0.0000E+00
   663    6.8740E-07    0.0000E+00    8.6395E-06    0.0000E+00
   664    3.5832E-07    0.0000E+00   -3.9472E-06    0.0000E+00
   665    1.7187E-06    0.0000E+00    5.4070E-06    0.0000E+00
   666   -4.1844E-07    0.0000E+00    1.2143E-05    0.0000E+00
   667   -7.1751E-07    0.0000E+00   -1.5488E-05    0.0000E+00
   668    5.5036E-07    0.0000E+00   -1.8613E-05    0.0000E+00
   669    1.0150E-06    0.0000E+00   -6.8766E-06    0.0000E+00
   670    1.6706E-07    0.0000E+00    4.8230E-06    0.0000E+00
   671    3.3697E-07    0.0000E+00    5.1060E-06    0.0000E+00
   672    6.6011E-07    0.0000E+00   -1.7169E-07    0.0000E+00
   673   -1.2223E-07    0.0000E+00   -1.1495E-06    0.0000E+00
   674    5.8821E-07    0.0000E+00   -1.8788E-06    0.0000E+00
   675    3.2562E-06    0.0000E+00    2.3876E-06    0.0000E+00
   676    1.2352E-06    0.0000E+00    2.3987E-06    0.0000E+00
   677   -2.0440E-07    0.0000E+00   -2.3069E-07    0.0000E+00
   678   -1.2286E-06    0.0000E+00    3.6478E-07    0.0000E+00
   679    1.7292E-08    0.0000E+00    1.5688E-06    0.0000E+00
   680    2.9236E-06    0.0000E+00    2.2016E-07    0.0000E+00
   681    1.9470E-06    0.0000E+00   -4.5246E-07    0.0000E+00
   682   -4.8579E-07    0.0000E+00   -5.0407E-07    0.0000E+00
   683    5.0295E-06    0.0000E+00    1.0447E-06    0.0000E+00
   684   -5.6207E-07    0.0000E+00   -7.6820E-07    0.0000E+00
   685   -3.5968E-06    0.0000E+00    1.0969E-06    0.0000E+00
   686   -1.1789E-06    0.0000E+00    1.4191E-07    0.0000E+00
   687    7.7876E-06    0.0000E+00    6.3175E-06    0.0000E+00
   688    3.5602E-06    0.0000E+00   -4.3082E-06    0.0000E+00
   689    8.5811E-06    0.0000E+00    1.0595E-05    0.0000E+00
   690   -8.8127E-06    0.0000E+00   -9.3342E-06    0.0000E+00
   691    6.5973E-06    0.0000E+00   -1.0298E-05    0.0000E+00
   692   -1.2525E-05    0.0000E+00    7.6880E-06    0.0000E+00
   693   -1.2257E-05    0.0000E+00    1.6083E-05    0.0000E+00
   694   -1.7847E-06    0.0000E+00    1.0057E-05    0.0000E+00
   695    4.9566E-06    0.0000E+00    2.8827E-06    0.0000E+00
   696   -2.7523E-06    0.0000E+00   -7.5623E-09    0.0000E+00
   697   -7.1561E-06    0.0000E+00    8.8162E-07    0.0000E+00
   698    3.6689E-06    0.0000E+00    2.6404E-06    0.0000E+00
   699    6.6344E-06    0.0000E+00    2.5204E-06    0.0000E+00
   700    5.7051E-07    0.0000E+00    2.1770E-07    0.0000E+00
   701    6.9639E-07    0.0000E+00    3.9005E-07    0.0000E+00
   702    1.6669E-06    0.0000E+00    9.3368E-08    0.0000E+00
   703    4.1171E-07    0.0000E+00   -1.4145E-07    0.0000E+00
   704    1.1858E-07    0.0000E+00    9.4605E-07    0.0000E+00
   705    1.3943E-06    0.0000E+00    6.0942E-07    0.0000E+00
   706    2.7887E-06    0.0000E+00    7.6249E-07    0.0000E+00
   707    1.9721E-06    0.0000E+00    1.8958E-06    0.0000E+00
   708    3.5709E-07    0.0000E+00   -4.6238E-07    0.0000E+00
   709   -3.4201E-07    0.0000E+00    2.1491E-07    0.0000E+00
   710    1.1767E-06    0.0000E+00    9.5747E-07    0.0000E+00
   711    9.8235E-07    0.0000E+00    1.4072E-06    0.0000E+00
   712   -1.2399E-07    0.0000E+00    2.1960E-06    0.0000E+00
   713   -4.3295E-07    0.0000E+00   -2.7334E-06    0.0000E+00
   714    2.9309E-07    0.0000E+00    1.0803E-06    0.0000E+00
   715   -2.1035E-07    0.0000E+00    3.3138E-06    0.0000E+00
   716    2.3323E-06    0.0000E+00    2.7981E-06    0.0000E+00
   717    7.5096E-07    0.0000E+00    1.4363E-05    0.0000E+00
   718   -1.8673E-06    0.0000E+00   -7.6994E-07    0.0000E+00
   719   -1.4928E-06    0.0000E+00   -5.7601E-06    0.0000E+00
   720    1.0758E-06    0.0000E+00   -6.3136E-06    0.0000E+00
   721    2.0444E-06    0.0000E+00    4.5093E-06    0.0000E+00
   722    3.8702E-07    0.0000E+00    2.0758E-06    0.0000E+00
   723   -2.6772E-07    0.0000E+00   -3.3604E-06    0.0000E+00
   724    4.5080E-07    0.0000E+00   -6.8114E-07    0.0000E+00
   725   -1.0617E-06    0.0000E+00    1.5618E-06    0.0000E+00
   726    1.0137E-06    0.0000E+00    1.6568E-06    0.0000E+00
   727    1.0580E-06    0.0000E+00    1.5519E-06    0.0000E+00
   728    1.8905E-08    0.0000E+00   -5.3701E-07    0.0000E+00
   729   -6.2521E-07    0.0000E+00    7.1786E-07    0.0000E+00
   730   -1.0113E-06    0.0000E+00    6.6313E-07    0.0000E+00
   731   -7.9486E-07    0.0000E+00   -2.2335E-06    0.0000E+00
   732    2.4036E-06    0.0000E+00    1.9923E-06    0.0000E+00
   733   -1.7966E-06    0.0000E+00    1.4555E-06    0.0000E+00
   734    2.8008E-06    0.0000E+00    5.6706E-07    0.0000E+00
   735   -6.2456E-07    0.0000E+00   -3.1545E-06    0.0000E+00
   736   -3.2860E-06    0.0000E+00    3.6707E-08    0.0000E+00
   737   -3.1269E-06    0.0000E+00    7.2897E-07    0.0000E+00
   738   -4.6341E-06    0.0000E+00    8.7484E-07    0.0000E+00
   739   -3.6142E-06    0.0000E+00    1.4554E-06    0.0000E+00
   740    1.1562E-05    0.0000E+00    1.4054E-05    0.0000E+00
   741    9.3727E-06    0.0000E+00    1.1574E-05    0.0000E+00
   742   -1.1586E-05    0.0000E+00   -6.9273E-06    0.0000E+00
   743   -1.8919E-05    0.0000E+00   -1.1479E-05    0.0000E+00
   744   -8.6587E-06    0.0000E+00   -6.6227E-07    0.0000E+00
   745   -2.3471E-06    0.0000E+00    4.2557E-06    0.0000E+00
   746   -1.4831E-06    0.0000E+00   -1.6786E-06    0.0000E+00
   747   -1.5615E-06    0.0000E+00   -2.2965E-06    0.0000E+00
   748   -4.8962E-06    0.0000E+00    1.9545E-06    0.0000E+00
   749   -2.7465E-06    0.0000E+00    7.1810E-07    0.0000E+00
   750    1.6435E-06    0.0000E+00    6.3031E-07    0.0000E+00
   751   -3.8452E-07    0.0000E+00   -1.8307E-07    0.0000E+00
   752   -8.9509E-07    0.0000E+00   -2.7630E-09    0.0000E+00
   753    9.8864E-08    0.0000E+00    1.8381E-06    0.0000E+00
   754   -3.5183E-07    0.0000E+00   -1.1750E-06    0.0000E+00
   755   -6.4824E-07    0.0000E+00   -2.5174E-06    0.0000E+00
   756   -7.1521E-07    0.0000E+00    2.5175E-06    0.0000E+00
   757   -5.9173E-08    0.0000E+00    7.2298E-08    0.0000E+00
   758    2.0645E-07    0.0000E+00   -2.0500E-06    0.0000E+00
   759   -1.3906E-08    0.0000E+00    2.0748E-07    0.0000E+00
   760   -9.9143E-07    0.0000E+00    2.9490E-06    0.0000E+00
   761   -2.4549E-07    0.0000E+00   -1.3581E-06    0.0000E+00
   762   -1.5486E-07    0.0000E+00   -4.7279E-07    0.0000E+00
   763   -1.9213E-07    0.0000E+00   -1.9932E-07    0.0000E+00
   764   -5.3105E-07    0.0000E+00   -1.6108E-07    0.0000E+00
   765   -4.3610E-07    0.0000E+00   -1.5686E-06    0.0000E+00
   766   -1.7156E-08    0.0000E+00    1.5398E-06    0.0000E+00
   767   -1.1393E-07    0.0000E+00   -3.1905E-06    0.0000E+00
   768   -1.6263E-07    0.0000E+00   -2.7256E-07    0.0000E+00
   769    1.8431E-07    0.0000E+00    1.8151E-06    0.0000E+00
   770   -3.1427E-07    0.0000E+00    4.2214E-06    0.0000E+00
   771   -4.2887E-07    0.0000E+00    1.7483E-06    0.0000E+00
   772    3.4112E-07    0.0000E+00   -6.9305E-07    0.0000E+00
   773    5.6416E-07    0.0000E+00    1.2495E-06    0.0000E+00
   774   -1.2018E-06    0.0000E+00   -9.4774E-09    0.0000E+00
   775   -4.4912E-07    0.0000E+00   -7.8528E-07    0.0000E+00
   776   -5.0167E-07    0.0000E+00    1.1782E-06    0.0000E+00
   777    9.8647E-07    0.0000E+00    1.6532E-06    0.0000E+00
   778    1.2707E-06    0.0000E+00    1.1172E-06    0.0000E+00
   779   -5.5630E-07    0.0000E+00    4.8163E-07    0.0000E+00
   780   -1.3102E-06    0.0000E+00   -2.8750E-07    0.0000E+00
   781    1.2910E-06    0.0000E+00    3.8147E-07    0.0000E+00
   782   -2.7023E-06    0.0000E+00   -1.6430E-07    0.0000E+00
   783   -8.5673E-07    0.0000E+00    4.6967E-07    0.0000E+00
   784    1.4403E-06    0.0000E+00    1.3440E-06    0.0000E+00
   785    2.6916E-06    0.0000E+00    3.6205E-07    0.0000E+00
   786    1.2636E-06    0.0000E+00   -3.0082E-07    0.0000E+00
   787   -4.5751E-06    0.0000E+00   -3.9914E-06    0.0000E+00
   788   -1.8757E-06    0.0000E+00   -3.9777E-06    0.0000E+00
   789   -5.5202E-07    0.0000E+00   -1.0979E-06    0.0000E+00
   790   -1.9838E-05    0.0000E+00   -1.4001E-06    0.0000E+00
   791   -3.6474E-06    0.0000E+00   -4.1145E-08    0.0000E+00
   792    8.3840E-06    0.0000E+00    9.3141E-07    0.0000E+00
   793    7.1438E-06    0.0000E+00    1.2967E-06    0.0000E+00
   794   -2.1475E-06    0.0000E+00    1.1079E-07    0.0000E+00
   795   -2.2558E-06    0.0000E+00   -8.2277E-07    0.0000E+00
   796    3.3936E-06    0.0000E+00   -6.0947E-07    0.0000E+00
   797    1.3445E-06    0.0000E+00   -1.5147E-06    0.0000E+00
   798   -2.0845E-06    0.0000E+00   -2.2703E-06    0.0000E+00
   799   -1.0165E-06    0.0000E+00   -4.5281E-09    0.0000E+00
   800   -8.5588E-07    0.0000E+00   -2.0127E-08    0.0000E+00
   801   -5.5053E-07    0.0000E+00   -9.9585E-07    0.0000E+00
   802    1.2481E-07    0.0000E+00   -6.0382E-08    0.0000E+00
   803    2.7148E-07    0.0000E+00    2.1910E-08    0.0000E+00
   804    6.2102E-08    0.0000E+00    2.0029E-07    0.0000E+00
   805   -4.8640E-07    0.0000E+00    2.5278E-06    0.0000E+00
   806   -8.6614E-07    0.0000E+00   -1.2189E-06    0.0000E+00
   807   -6.0475E-07    0.0000E+00    3.6941E-07    0.0000E+00
   808    4.9531E-07    0.0000E+00   -1.7261E-07    0.0000E+00
   809    4.5081E-07    0.0000E+00    3.2432E-06    0.0000E+00
   810    1.1300E-07    0.0000E+00    1.2130E-06    0.0000E+00
   811   -3.3332E-08    0.0000E+00    1.5607E-06    0.0000E+00
   812    8.9632E-07    0.0000E+00   -2.3828E-06    0.0000E+00
   813   -1.0605E-06    0.0000E+00    9.2066E-06    0.0000E+00
   814    9.2037E-07    0.0000E+00   -7.6427E-06    0.0000E+00
   815   -2.0832E-06    0.0000E+00    3.9921E-06    0.0000E+00
   816   -1.0511E-06    0.0000E+00    9.8115E-07    0.0000E+00
   817    1.7651E-06    0.0000E+00   -2.3680E-06    0.0000E+00
   818    1.5424E-06    0.0000E+00   -5.8699E-07    0.0000E+00
   819   -2.3177E-07    0.0000E+00    1.6465E-06    0.0000E+00
   820   -1.2269E-06    0.0000E+00    3.5894E-06    0.0000E+00
   821   -2.6647E-07    0.0000E+00   -3.3036E-07    0.0000E+00
   822   -2.3494E-07    0.0000E+00    4.6529E-07    0.0000E+00
   823   -2.1415E-07    0.0000E+00    3.9774E-07    0.0000E+00
   824    5.2348E-07    0.0000E+00   -4.1152E-07    0.0000E+00
   825    2.8245E-07    0.0000E+00    5.0222E-07    0.0000E+00
   826   -3.7341E-07    0.0000E+00    1.5861E-06    0.0000E+00
   827   -1.0580E-06    0.0000E+00    1.5209E-07    0.0000E+00
   828   -1.4121E-07    0.0000E+00    2.4581E-07    0.0000E+00
   829    4.8416E-07    0.0000E+00    5.0305E-09    0.0000E+00
   830   -5.5527E-07    0.0000E+00   -2.9946E-07    0.0000E+00
   831    3.6222E-08    0.0000E+00    3.8876E-07    0.0000E+00
   832    1.5200E-06    0.0000E+00   -1.3924E-07    0.0000E+00
   833   -1.5140E-06    0.0000E+00   -1.7541E-07    0.0000E+00
   834   -1.0718E-06    0.0000E+00    1.8754E-07    0.0000E+00
   835    8.3580E-07    0.0000E+00    6.9839E-08    0.0000E+00
   836   -8.8635E-07    0.0000E+00    9.8308E-07    0.0000E+00
   837    6.2778E-06    0.0000E+00   -3.0968E-07    0.0000E+00
   838    1.5296E-06    0.0000E+00   -1.4491E-06    0.0000E+00
   839    3.9140E-06    0.0000E+00   -2.2094E-06    0.0000E+00
   840    2.4124E-06    0.0000E+00    1.2903E-06    0.0000E+00
   841    7.4596E-07    0.0000E+00    3.3498E-07    0.0000E+00
   842   -9.1404E-07    0.0000E+00   -9.2077E-07    0.0000E+00
   843   -2.1243E-06    0.0000E+00   -1.1006E-06    0.0000E+00
   844    3.0544E-07    0.0000E+00   -9.0023E-07    0.0000E+00
   845   -3.9122E-07    0.0000E+00   -6.2009E-07    0.0000E+00
   846   -3.4414E-07    0.0000E+00    3.8913E-07    0.0000E+00
   847    1.9438E-06    0.0000E+00   -3.1660E-07    0.0000E+00
   848    1.7982E-06    0.0000E+00   -2.6489E-07    0.0000E+00
   849   -4.0476E-09    0.0000E+00   -2.1615E-07    0.0000E+00
   850    6.8976E-07    0.0000E+00    1.9824E-07    0.0000E+00
   851    4.1195E-07    0.0000E+00   -1.6137E-08    0.0000E+00
   852   -2.4633E-07    0.0000E+00    3.8699E-07    0.0000E+00
   853   -3.5187E-08    0.0000E+00   -1.3603E-06    0.0000E+00
   854    5.8264E-08    0.0000E+00    5.6573E-07    0.0000E+00
   855    1.9293E-08    0.0000E+00   -1.4445E-06    0.0000E+00
   856    5.6289E-07    0.0000E+00    9.1993E-07    0.0000E+00
   857   -3.3675E-08    0.0000E+00   -6.3295E-07    0.0000E+00
   858   -5.8021E-07    0.0000E+00    1.3083E-06    0.0000E+00
