           2  -1.5782739832759600     
           3  -1.6013909362156329     
           4  -1.6174670127002337     
           5  -1.6306497869558128     
           6  -1.6421295064831700     
           7  -1.6524603773366828     
           8  -1.6619467486431232     
           9  -1.6707813532207880     
          10  -1.6790942382245186     
          11  -1.6869727762967874     
          12  -1.6944853379529137     
          13  -1.7016835774074572     
          14  -1.7086093212405877     
          15  -1.7152959883300039     
          16  -1.7217699840829761     
          17  -1.7280540277753447     
          18  -1.7341671512960444     
          19  -1.7401272252230853     
          20  -1.7459471208356045     
          21  -1.7516393656646281     
          22  -1.7572144070100575     
          23  -1.7626804533191920     
          24  -1.7680473792858156     
          25  -1.7733212383629298     
          26  -1.7785084162143558     
          27  -1.7836153285899430     
          28  -1.7886463758119953     
          29  -1.7936063987025725     
          30  -1.7984995088670772     
          31  -1.8033289809068416     
          32  -1.8080992796691675     
          33  -1.8128130206158910     
          34  -1.8174730470747527     
          35  -1.8220823308056517     
          36  -1.8266421057796254     
          37  -1.8311565280286888     
          38  -1.8356271167922269     
          39  -1.8400547062043753     
          40  -1.8444436170288141     
          41  -1.8487933016507725     
          42  -1.8531064735204004     
          43  -1.8573855300927764     
          44  -1.8616288488161363     
          45  -1.8658421483246022     
          46  -1.8700243941921202     
          47  -1.8741760476586553     
          48  -1.8783014949503452     
          49  -1.8823985779645398     
          50  -1.8864702336928714     
          51  -1.8905176874553129     
          52  -1.8945389098567076     
          53  -1.8985390293952131     
          54  -1.9025161426122217     
          55  -1.9064710224049850     
          56  -1.9104062321625759     
          57  -1.9143196425171289     
          58  -1.9182145116737579     
          59  -1.9220907081420380     
          60  -1.9259462653453285     
          61  -1.9297868762994050     
          62  -1.9336093881168190     
          63  -1.9374152486226586     
          64  -1.9412062408020727     
          65  -1.9449791434368162     
          66  -1.9487388107573680     
          67  -1.9524834079145859     
          68  -1.9562115662106290     
          69  -1.9599285768590631     
          70  -1.9636300933368114     
          71  -1.9673188511460040     
          72  -1.9709960876201784     
          73  -1.9746564398799533     
          74  -1.9783082980837325     
          75  -1.9819471078906041     
          76  -1.9855725246121099     
          77  -1.9891886767914588     
          78  -1.9927912067303564     
          79  -1.9963836220585558     
          80  -1.9999658966274392     
          81  -2.0035351968387962     
          82  -2.0070958921739535     
          83  -2.0106456522456333     
          84  -2.0141846490451578     
          85  -2.0177137522044237     
          86  -2.0212312339674394     
          87  -2.0247390635157254     
          88  -2.0282369470272803     
          89  -2.0317244892549944     
          90  -2.0352022011440822     
          91  -2.0386734890328753     
          92  -2.0421339809711299     
          93  -2.0455808982397046     
          94  -2.0490275425378943     
          95  -2.0524515303709920     
          96  -2.0558651794757403     
          97  -2.0592715197778522     
          98  -2.0626418422154424     
          99  -2.0660081160418260     
         100  -2.0693303628951867     
         101  -2.0725986864371584     
