  VMEC2000 V8.51
     MN       GMNC         GMNS           BMNC          BMNS
     1   -8.8279E-03    0.0000E+00    9.3942E-01    0.0000E+00
     2   -1.5481E-03    0.0000E+00    4.7507E-03    0.0000E+00
     3    1.2603E-04    0.0000E+00   -6.4734E-03    0.0000E+00
     4    4.1098E-05    0.0000E+00   -2.2150E-03    0.0000E+00
     5    9.6729E-06    0.0000E+00    1.4558E-03    0.0000E+00
     6   -1.0380E-05    0.0000E+00   -1.3972E-03    0.0000E+00
     7    1.1325E-05    0.0000E+00    1.3971E-03    0.0000E+00
     8   -3.3661E-06    0.0000E+00   -1.3627E-04    0.0000E+00
     9    3.6025E-07    0.0000E+00   -3.8898E-05    0.0000E+00
    10   -2.0986E-06    0.0000E+00    1.6587E-04    0.0000E+00
    11    4.8755E-06    0.0000E+00    6.7050E-05    0.0000E+00
    12    5.3972E-06    0.0000E+00    3.4943E-04    0.0000E+00
    13   -3.3899E-06    0.0000E+00   -1.0676E-04    0.0000E+00
    14   -1.9747E-06    0.0000E+00   -6.2107E-06    0.0000E+00
    15    2.8805E-06    0.0000E+00    3.2563E-04    0.0000E+00
    16    2.4050E-06    0.0000E+00    1.9060E-04    0.0000E+00
    17    8.6690E-07    0.0000E+00    1.7112E-04    0.0000E+00
    18    1.5393E-07    0.0000E+00    1.1543E-04    0.0000E+00
    19   -1.2399E-07    0.0000E+00    3.4978E-05    0.0000E+00
    20   -6.2788E-08    0.0000E+00   -5.1834E-05    0.0000E+00
    21    1.9104E-07    0.0000E+00    7.3057E-05    0.0000E+00
    22    3.1052E-07    0.0000E+00    2.1424E-04    0.0000E+00
    23    5.2876E-07    0.0000E+00    7.9835E-05    0.0000E+00
    24    1.0415E-06    0.0000E+00    4.6919E-05    0.0000E+00
    25   -1.0385E-06    0.0000E+00   -7.3612E-04    0.0000E+00
    26   -7.6808E-06    0.0000E+00    3.9305E-04    0.0000E+00
    27    2.5322E-06    0.0000E+00   -1.3502E-05    0.0000E+00
    28    1.5154E-06    0.0000E+00    4.6701E-06    0.0000E+00
    29   -7.3225E-06    0.0000E+00    2.2112E-05    0.0000E+00
    30   -1.7428E-05    0.0000E+00    8.0439E-06    0.0000E+00
    31   -5.1328E-07    0.0000E+00   -1.5924E-05    0.0000E+00
    32    1.2682E-05    0.0000E+00   -1.6881E-05    0.0000E+00
    33   -1.1882E-05    0.0000E+00    6.0875E-06    0.0000E+00
    34   -1.0814E-05    0.0000E+00    2.1942E-05    0.0000E+00
    35    6.6892E-07    0.0000E+00   -2.8706E-05    0.0000E+00
    36    2.8522E-06    0.0000E+00   -3.3865E-04    0.0000E+00
    37   -1.8616E-05    0.0000E+00   -1.0631E-03    0.0000E+00
    38   -4.1939E-05    0.0000E+00   -1.1462E-03    0.0000E+00
    39   -2.4479E-05    0.0000E+00    2.5320E-04    0.0000E+00
    40    1.2958E-05    0.0000E+00    9.5611E-04    0.0000E+00
    41    6.1814E-06    0.0000E+00   -3.0616E-04    0.0000E+00
    42   -1.8404E-05    0.0000E+00   -1.4156E-04    0.0000E+00
    43    5.2035E-05    0.0000E+00   -1.9277E-04    0.0000E+00
    44   -2.7809E-05    0.0000E+00   -2.9754E-04    0.0000E+00
    45   -4.0072E-05    0.0000E+00    8.2222E-04    0.0000E+00
    46   -2.5995E-05    0.0000E+00   -8.5719E-04    0.0000E+00
    47    1.4679E-05    0.0000E+00    9.4010E-04    0.0000E+00
    48    3.9175E-07    0.0000E+00   -2.1317E-04    0.0000E+00
    49    5.0443E-04    0.0000E+00    1.7795E-03    0.0000E+00
    50    1.0595E-04    0.0000E+00    1.4088E-02    0.0000E+00
    51   -6.4233E-04    0.0000E+00   -8.9965E-02    0.0000E+00
    52   -1.9250E-04    0.0000E+00   -1.2352E-02    0.0000E+00
    53   -8.8190E-06    0.0000E+00   -1.9912E-04    0.0000E+00
    54    5.1188E-06    0.0000E+00   -5.2599E-04    0.0000E+00
    55    2.7583E-05    0.0000E+00   -1.0142E-03    0.0000E+00
    56   -3.3592E-05    0.0000E+00    8.7174E-05    0.0000E+00
    57   -6.0573E-06    0.0000E+00    6.8606E-05    0.0000E+00
    58    1.3797E-05    0.0000E+00   -1.5294E-04    0.0000E+00
    59   -3.2924E-05    0.0000E+00    2.7985E-04    0.0000E+00
    60   -2.5390E-05    0.0000E+00   -4.1009E-04    0.0000E+00
    61    9.0169E-06    0.0000E+00    2.3236E-04    0.0000E+00
    62    2.2352E-06    0.0000E+00   -5.4323E-05    0.0000E+00
    63   -6.3199E-06    0.0000E+00    3.5180E-05    0.0000E+00
    64   -4.0786E-06    0.0000E+00    4.0471E-04    0.0000E+00
    65    6.9871E-07    0.0000E+00    2.6998E-04    0.0000E+00
    66    6.2703E-06    0.0000E+00    5.8999E-05    0.0000E+00
    67   -1.6045E-05    0.0000E+00   -1.8412E-05    0.0000E+00
    68   -1.4849E-05    0.0000E+00   -2.1964E-05    0.0000E+00
    69    5.7548E-06    0.0000E+00    1.7605E-06    0.0000E+00
    70    3.9693E-07    0.0000E+00    1.2308E-05    0.0000E+00
    71   -1.1564E-05    0.0000E+00   -1.1107E-05    0.0000E+00
    72   -1.6844E-05    0.0000E+00   -6.5190E-05    0.0000E+00
    73   -3.7415E-06    0.0000E+00   -4.8171E-05    0.0000E+00
    74   -5.2158E-06    0.0000E+00   -2.8442E-04    0.0000E+00
    75   -2.1438E-06    0.0000E+00   -2.7507E-04    0.0000E+00
    76   -3.8925E-06    0.0000E+00    7.4833E-05    0.0000E+00
    77   -8.7780E-07    0.0000E+00    7.6243E-05    0.0000E+00
    78    4.4929E-07    0.0000E+00   -5.8034E-06    0.0000E+00
    79    2.5625E-06    0.0000E+00   -3.2316E-05    0.0000E+00
    80    2.1393E-06    0.0000E+00   -1.2178E-04    0.0000E+00
    81   -2.3476E-06    0.0000E+00   -3.8059E-05    0.0000E+00
    82   -9.0841E-07    0.0000E+00    9.1595E-05    0.0000E+00
    83    3.4237E-06    0.0000E+00   -3.5380E-05    0.0000E+00
    84    1.8982E-06    0.0000E+00   -6.3166E-05    0.0000E+00
    85   -6.0792E-07    0.0000E+00   -1.7196E-04    0.0000E+00
    86   -4.9639E-06    0.0000E+00   -6.4545E-04    0.0000E+00
    87   -6.7725E-06    0.0000E+00   -1.3114E-03    0.0000E+00
    88   -2.6243E-06    0.0000E+00   -9.2780E-04    0.0000E+00
    89    3.6659E-06    0.0000E+00    7.0208E-04    0.0000E+00
    90    7.2542E-06    0.0000E+00    1.0026E-03    0.0000E+00
    91   -2.6300E-06    0.0000E+00   -1.0096E-03    0.0000E+00
    92   -6.4601E-06    0.0000E+00    1.8397E-04    0.0000E+00
    93   -1.0967E-05    0.0000E+00   -2.4257E-04    0.0000E+00
    94    1.4205E-05    0.0000E+00   -5.1637E-05    0.0000E+00
    95    1.5873E-05    0.0000E+00    6.2983E-05    0.0000E+00
    96    5.9444E-06    0.0000E+00   -8.0268E-04    0.0000E+00
    97    9.1315E-06    0.0000E+00    7.4285E-05    0.0000E+00
    98   -9.6974E-05    0.0000E+00    6.3056E-04    0.0000E+00
    99   -5.2189E-04    0.0000E+00    2.0511E-03    0.0000E+00
   100   -4.6876E-04    0.0000E+00   -1.3180E-03    0.0000E+00
   101    5.0653E-06    0.0000E+00    3.1113E-03    0.0000E+00
   102    1.2176E-05    0.0000E+00    3.5349E-05    0.0000E+00
   103   -2.0341E-06    0.0000E+00    2.2953E-04    0.0000E+00
   104   -4.0543E-06    0.0000E+00    3.3306E-04    0.0000E+00
   105   -2.4392E-06    0.0000E+00    2.8431E-04    0.0000E+00
   106    9.1013E-06    0.0000E+00    1.4311E-04    0.0000E+00
   107   -5.4405E-06    0.0000E+00   -2.7172E-04    0.0000E+00
   108    3.1541E-06    0.0000E+00    2.7369E-04    0.0000E+00
   109    4.0481E-06    0.0000E+00   -4.8401E-04    0.0000E+00
   110    4.5797E-06    0.0000E+00    9.3970E-05    0.0000E+00
   111   -1.0304E-06    0.0000E+00    4.6569E-05    0.0000E+00
   112   -9.3702E-07    0.0000E+00    1.3657E-04    0.0000E+00
   113    5.1618E-07    0.0000E+00   -1.3200E-04    0.0000E+00
   114   -5.9684E-07    0.0000E+00   -4.0571E-04    0.0000E+00
   115   -3.2607E-06    0.0000E+00   -3.3390E-04    0.0000E+00
   116   -1.0348E-06    0.0000E+00   -4.5794E-05    0.0000E+00
   117    3.8853E-06    0.0000E+00   -6.4904E-05    0.0000E+00
   118    1.1823E-06    0.0000E+00   -6.4570E-05    0.0000E+00
   119   -1.6702E-06    0.0000E+00    1.7691E-05    0.0000E+00
   120    1.2733E-06    0.0000E+00    5.5304E-06    0.0000E+00
   121    4.6859E-06    0.0000E+00   -7.7988E-05    0.0000E+00
   122    3.8879E-06    0.0000E+00   -8.3668E-05    0.0000E+00
   123   -1.2016E-06    0.0000E+00    5.8506E-05    0.0000E+00
   124   -8.9675E-07    0.0000E+00    8.8569E-05    0.0000E+00
   125   -9.5430E-06    0.0000E+00    6.8090E-06    0.0000E+00
   126   -8.7190E-06    0.0000E+00    1.5620E-05    0.0000E+00
   127   -3.6380E-06    0.0000E+00    7.1027E-05    0.0000E+00
   128   -2.6038E-06    0.0000E+00    8.4249E-06    0.0000E+00
   129   -2.0124E-06    0.0000E+00   -1.7916E-05    0.0000E+00
   130    6.1512E-07    0.0000E+00    2.5797E-06    0.0000E+00
   131   -1.1926E-06    0.0000E+00   -7.7497E-06    0.0000E+00
   132   -3.4350E-06    0.0000E+00   -1.4981E-05    0.0000E+00
   133   -1.1796E-06    0.0000E+00    3.0161E-05    0.0000E+00
   134   -2.8714E-07    0.0000E+00    2.7317E-05    0.0000E+00
   135   -5.6266E-07    0.0000E+00   -8.5275E-05    0.0000E+00
   136   -4.8247E-06    0.0000E+00   -4.3083E-04    0.0000E+00
   137   -9.3842E-06    0.0000E+00   -7.1079E-04    0.0000E+00
   138   -6.1912E-06    0.0000E+00   -2.2240E-04    0.0000E+00
   139    2.6253E-06    0.0000E+00    8.4196E-04    0.0000E+00
   140   -4.1580E-07    0.0000E+00    1.8699E-04    0.0000E+00
   141   -1.5744E-06    0.0000E+00   -6.4088E-04    0.0000E+00
   142    3.0385E-06    0.0000E+00    3.6897E-04    0.0000E+00
   143   -1.3948E-05    0.0000E+00   -5.0433E-04    0.0000E+00
   144   -1.5530E-06    0.0000E+00    2.2373E-04    0.0000E+00
   145    1.3327E-05    0.0000E+00   -3.5378E-05    0.0000E+00
   146    2.2883E-05    0.0000E+00   -2.8285E-05    0.0000E+00
   147    1.1917E-04    0.0000E+00   -8.5382E-07    0.0000E+00
   148    1.9291E-05    0.0000E+00   -2.9703E-03    0.0000E+00
   149    6.6526E-06    0.0000E+00   -6.4608E-04    0.0000E+00
   150   -2.0476E-04    0.0000E+00   -4.2066E-03    0.0000E+00
   151   -1.2502E-05    0.0000E+00    1.8087E-03    0.0000E+00
   152    2.0018E-06    0.0000E+00    5.0649E-04    0.0000E+00
   153   -3.8992E-06    0.0000E+00   -2.5523E-04    0.0000E+00
   154   -2.0029E-06    0.0000E+00   -6.9512E-05    0.0000E+00
   155   -5.1838E-06    0.0000E+00   -5.1449E-05    0.0000E+00
   156    3.7662E-06    0.0000E+00    3.2229E-05    0.0000E+00
   157   -2.0188E-06    0.0000E+00    3.3317E-05    0.0000E+00
   158   -2.7515E-06    0.0000E+00   -3.4374E-05    0.0000E+00
   159   -1.8016E-06    0.0000E+00   -2.3161E-05    0.0000E+00
   160   -1.6425E-06    0.0000E+00    1.7182E-04    0.0000E+00
   161   -3.4857E-06    0.0000E+00   -1.4411E-04    0.0000E+00
   162   -2.9996E-06    0.0000E+00   -1.3787E-04    0.0000E+00
   163   -1.1412E-06    0.0000E+00    1.5527E-04    0.0000E+00
   164    6.8544E-07    0.0000E+00    2.6292E-04    0.0000E+00
   165    5.1426E-08    0.0000E+00    1.6805E-04    0.0000E+00
   166   -2.1592E-06    0.0000E+00    3.7840E-05    0.0000E+00
   167   -3.2327E-07    0.0000E+00    8.1427E-06    0.0000E+00
   168   -6.4545E-08    0.0000E+00    6.9305E-06    0.0000E+00
   169   -2.2035E-06    0.0000E+00   -2.3851E-05    0.0000E+00
   170   -3.3139E-06    0.0000E+00    2.0848E-05    0.0000E+00
   171   -1.0557E-06    0.0000E+00    7.1765E-05    0.0000E+00
   172    2.9207E-06    0.0000E+00    4.2277E-05    0.0000E+00
   173    9.5382E-07    0.0000E+00    9.8127E-05    0.0000E+00
   174    3.3235E-06    0.0000E+00   -3.7000E-05    0.0000E+00
   175    1.4402E-05    0.0000E+00   -2.0739E-04    0.0000E+00
   176    8.0116E-06    0.0000E+00   -4.0887E-05    0.0000E+00
   177    1.1665E-06    0.0000E+00    1.0685E-05    0.0000E+00
   178    3.2707E-07    0.0000E+00    2.5263E-05    0.0000E+00
   179    8.9733E-07    0.0000E+00    3.0494E-06    0.0000E+00
   180    6.9929E-07    0.0000E+00   -1.1199E-05    0.0000E+00
   181    1.3770E-06    0.0000E+00   -9.1292E-06    0.0000E+00
   182    1.0523E-06    0.0000E+00   -7.9380E-07    0.0000E+00
   183    1.1214E-06    0.0000E+00    3.1264E-05    0.0000E+00
   184    4.6775E-07    0.0000E+00    3.0847E-05    0.0000E+00
   185    1.6732E-07    0.0000E+00   -3.5186E-05    0.0000E+00
   186   -1.2534E-06    0.0000E+00   -2.5301E-04    0.0000E+00
   187   -3.6177E-06    0.0000E+00   -3.3882E-04    0.0000E+00
   188    9.1244E-07    0.0000E+00    2.8266E-05    0.0000E+00
   189    4.7787E-06    0.0000E+00    4.3205E-04    0.0000E+00
   190    1.8266E-07    0.0000E+00   -1.7830E-04    0.0000E+00
   191    2.9284E-06    0.0000E+00   -1.3777E-04    0.0000E+00
   192    8.5544E-06    0.0000E+00    1.0231E-04    0.0000E+00
   193   -9.9161E-06    0.0000E+00   -2.1040E-04    0.0000E+00
   194   -1.9258E-05    0.0000E+00    6.2948E-05    0.0000E+00
   195   -2.7913E-05    0.0000E+00    8.5288E-07    0.0000E+00
   196   -3.0989E-05    0.0000E+00    2.5454E-04    0.0000E+00
   197   -4.5157E-06    0.0000E+00    5.1279E-04    0.0000E+00
   198    4.8838E-04    0.0000E+00    7.3095E-04    0.0000E+00
   199    3.2229E-04    0.0000E+00    8.2331E-04    0.0000E+00
   200    1.1816E-04    0.0000E+00   -1.4292E-04    0.0000E+00
   201    2.9555E-05    0.0000E+00    1.5615E-04    0.0000E+00
   202   -4.5019E-06    0.0000E+00   -2.2007E-04    0.0000E+00
   203   -5.2692E-06    0.0000E+00   -5.6502E-05    0.0000E+00
   204    4.9284E-06    0.0000E+00   -2.4646E-05    0.0000E+00
   205    1.5647E-06    0.0000E+00    3.5808E-05    0.0000E+00
   206    8.4474E-07    0.0000E+00   -8.5521E-05    0.0000E+00
   207    2.3859E-07    0.0000E+00    3.5072E-05    0.0000E+00
   208   -2.0064E-06    0.0000E+00   -2.7959E-05    0.0000E+00
   209    7.1957E-07    0.0000E+00    1.2690E-05    0.0000E+00
   210    1.9851E-06    0.0000E+00   -9.6379E-05    0.0000E+00
   211    3.2375E-06    0.0000E+00    8.9199E-05    0.0000E+00
   212    2.4735E-06    0.0000E+00    1.5844E-05    0.0000E+00
   213    9.3108E-07    0.0000E+00   -1.4607E-04    0.0000E+00
   214    1.2509E-08    0.0000E+00   -1.6042E-04    0.0000E+00
   215    5.0753E-07    0.0000E+00   -5.4908E-05    0.0000E+00
   216    2.4973E-08    0.0000E+00   -1.2495E-05    0.0000E+00
   217    1.9653E-07    0.0000E+00   -2.0816E-05    0.0000E+00
   218    1.1572E-06    0.0000E+00    2.8377E-05    0.0000E+00
   219   -5.2191E-08    0.0000E+00    1.1414E-05    0.0000E+00
   220   -9.6523E-07    0.0000E+00   -3.8935E-05    0.0000E+00
   221   -2.6150E-06    0.0000E+00   -5.3647E-05    0.0000E+00
   222    2.2777E-07    0.0000E+00    3.9726E-05    0.0000E+00
   223    4.6777E-06    0.0000E+00   -2.0899E-05    0.0000E+00
   224    6.2875E-06    0.0000E+00    4.3453E-05    0.0000E+00
   225    3.3352E-06    0.0000E+00    2.9660E-05    0.0000E+00
   226    4.4830E-06    0.0000E+00   -1.6822E-05    0.0000E+00
   227    4.4654E-06    0.0000E+00    2.7710E-06    0.0000E+00
   228    7.7490E-07    0.0000E+00    2.3689E-05    0.0000E+00
   229   -1.5475E-06    0.0000E+00    7.0337E-06    0.0000E+00
   230    2.9352E-06    0.0000E+00   -3.6753E-06    0.0000E+00
   231    2.6736E-06    0.0000E+00   -8.6563E-06    0.0000E+00
   232    1.1521E-07    0.0000E+00    1.3487E-05    0.0000E+00
   233    4.2619E-07    0.0000E+00    2.4230E-05    0.0000E+00
   234    2.6692E-06    0.0000E+00    1.7167E-05    0.0000E+00
   235    4.3204E-06    0.0000E+00   -2.0108E-05    0.0000E+00
   236    3.0303E-06    0.0000E+00   -1.2162E-04    0.0000E+00
   237    1.2331E-06    0.0000E+00   -1.0976E-04    0.0000E+00
   238    4.8488E-06    0.0000E+00    8.0197E-05    0.0000E+00
   239    5.2914E-06    0.0000E+00    1.4955E-04    0.0000E+00
   240   -1.3983E-05    0.0000E+00   -2.3184E-04    0.0000E+00
   241    7.3643E-07    0.0000E+00    8.5158E-05    0.0000E+00
   242    1.3317E-05    0.0000E+00    2.2353E-05    0.0000E+00
   243    2.1775E-05    0.0000E+00   -4.2583E-05    0.0000E+00
   244   -2.0544E-06    0.0000E+00   -5.0879E-05    0.0000E+00
   245   -5.6298E-05    0.0000E+00   -6.7919E-05    0.0000E+00
   246   -5.2231E-05    0.0000E+00   -1.0424E-04    0.0000E+00
   247   -2.1968E-04    0.0000E+00    3.3765E-04    0.0000E+00
   248   -1.9593E-04    0.0000E+00   -1.0382E-04    0.0000E+00
   249   -1.4710E-04    0.0000E+00   -5.4596E-05    0.0000E+00
   250   -4.3309E-05    0.0000E+00    2.6713E-04    0.0000E+00
   251    8.6606E-08    0.0000E+00   -2.7034E-05    0.0000E+00
   252    3.8414E-06    0.0000E+00   -1.9593E-05    0.0000E+00
   253    6.1067E-06    0.0000E+00    5.5629E-06    0.0000E+00
   254   -1.2042E-06    0.0000E+00    1.2144E-05    0.0000E+00
   255   -5.0787E-06    0.0000E+00    1.9397E-05    0.0000E+00
   256    4.3005E-06    0.0000E+00    9.7619E-06    0.0000E+00
   257    4.9780E-06    0.0000E+00   -1.1293E-05    0.0000E+00
   258    2.3192E-06    0.0000E+00    7.1287E-06    0.0000E+00
   259    3.1086E-06    0.0000E+00    4.6947E-05    0.0000E+00
   260    2.6398E-06    0.0000E+00    1.2482E-05    0.0000E+00
   261    9.0599E-07    0.0000E+00   -2.6348E-05    0.0000E+00
   262    2.5662E-08    0.0000E+00    4.0160E-05    0.0000E+00
   263    5.4094E-08    0.0000E+00    9.0571E-05    0.0000E+00
   264    3.4389E-06    0.0000E+00    6.5769E-05    0.0000E+00
   265    2.6603E-06    0.0000E+00    1.9829E-05    0.0000E+00
   266   -6.7498E-07    0.0000E+00    1.1700E-06    0.0000E+00
   267    1.4213E-06    0.0000E+00    1.8423E-05    0.0000E+00
   268    3.2190E-06    0.0000E+00   -3.4668E-05    0.0000E+00
   269    4.5236E-06    0.0000E+00   -1.9972E-05    0.0000E+00
   270    1.3922E-06    0.0000E+00    5.4786E-05    0.0000E+00
   271   -1.3420E-06    0.0000E+00   -2.6214E-05    0.0000E+00
   272   -4.8032E-06    0.0000E+00   -1.5634E-05    0.0000E+00
   273   -7.2667E-06    0.0000E+00   -4.3225E-05    0.0000E+00
   274   -1.6257E-05    0.0000E+00    5.9415E-05    0.0000E+00
   275   -1.3635E-05    0.0000E+00    4.2924E-05    0.0000E+00
   276   -5.6579E-06    0.0000E+00   -3.2856E-06    0.0000E+00
   277   -2.8594E-06    0.0000E+00   -1.1351E-05    0.0000E+00
   278   -1.8693E-06    0.0000E+00   -6.5408E-06    0.0000E+00
   279   -1.8258E-06    0.0000E+00    4.1794E-06    0.0000E+00
   280   -2.6307E-06    0.0000E+00    5.2418E-06    0.0000E+00
   281   -2.6397E-06    0.0000E+00   -1.3507E-05    0.0000E+00
   282   -2.0404E-06    0.0000E+00    5.7215E-07    0.0000E+00
   283   -2.4994E-06    0.0000E+00    1.2527E-05    0.0000E+00
   284   -3.3275E-06    0.0000E+00    6.3653E-06    0.0000E+00
   285   -4.9350E-06    0.0000E+00   -1.6394E-05    0.0000E+00
   286   -5.0775E-06    0.0000E+00   -4.0880E-05    0.0000E+00
   287   -3.9619E-06    0.0000E+00   -2.2720E-05    0.0000E+00
   288   -4.5039E-06    0.0000E+00    4.6514E-05    0.0000E+00
   289    2.4226E-06    0.0000E+00    1.5222E-05    0.0000E+00
   290   -8.7042E-07    0.0000E+00   -9.8674E-05    0.0000E+00
   291   -1.2898E-05    0.0000E+00    6.5374E-05    0.0000E+00
   292   -9.4985E-06    0.0000E+00    2.2681E-06    0.0000E+00
   293    1.6333E-05    0.0000E+00    3.2503E-05    0.0000E+00
   294    6.8181E-05    0.0000E+00   -7.4334E-05    0.0000E+00
   295    8.7784E-05    0.0000E+00    1.9470E-05    0.0000E+00
   296   -9.7339E-05    0.0000E+00   -3.6228E-04    0.0000E+00
   297   -1.6527E-04    0.0000E+00   -4.1140E-04    0.0000E+00
   298   -3.6668E-05    0.0000E+00   -1.8967E-04    0.0000E+00
   299   -4.1746E-06    0.0000E+00   -2.1264E-04    0.0000E+00
   300   -1.5108E-05    0.0000E+00   -1.8642E-05    0.0000E+00
   301   -7.8232E-06    0.0000E+00   -6.7965E-06    0.0000E+00
   302   -1.7033E-06    0.0000E+00    3.5967E-05    0.0000E+00
   303   -2.2389E-06    0.0000E+00   -3.8515E-06    0.0000E+00
   304    2.6357E-07    0.0000E+00   -5.4433E-06    0.0000E+00
   305   -2.1710E-06    0.0000E+00   -6.8366E-06    0.0000E+00
   306   -4.1479E-06    0.0000E+00   -2.3731E-06    0.0000E+00
   307   -3.7868E-06    0.0000E+00    5.3514E-06    0.0000E+00
   308   -4.5545E-06    0.0000E+00    2.4534E-06    0.0000E+00
   309   -4.2532E-06    0.0000E+00   -1.5756E-05    0.0000E+00
   310   -3.6695E-06    0.0000E+00   -1.5175E-06    0.0000E+00
   311   -3.5361E-06    0.0000E+00   -2.4923E-05    0.0000E+00
   312   -2.4380E-06    0.0000E+00   -4.7378E-05    0.0000E+00
   313   -2.3092E-06    0.0000E+00   -3.1930E-05    0.0000E+00
   314   -2.6316E-06    0.0000E+00   -1.6095E-05    0.0000E+00
   315   -2.0738E-06    0.0000E+00   -9.7076E-06    0.0000E+00
   316   -2.4736E-06    0.0000E+00   -2.1304E-05    0.0000E+00
   317   -2.9287E-06    0.0000E+00   -1.3801E-05    0.0000E+00
   318   -8.3953E-07    0.0000E+00    4.0842E-05    0.0000E+00
   319    2.3364E-07    0.0000E+00    7.8272E-05    0.0000E+00
   320    2.4699E-06    0.0000E+00    5.7802E-05    0.0000E+00
   321    1.0208E-06    0.0000E+00   -1.0693E-04    0.0000E+00
   322   -1.5187E-06    0.0000E+00   -3.5912E-06    0.0000E+00
   323   -1.2558E-06    0.0000E+00    4.0012E-05    0.0000E+00
   324    3.8367E-06    0.0000E+00   -5.2507E-05    0.0000E+00
   325   -4.6713E-07    0.0000E+00    1.6450E-07    0.0000E+00
   326   -2.2947E-06    0.0000E+00    4.7464E-06    0.0000E+00
   327    3.0146E-06    0.0000E+00   -1.0363E-06    0.0000E+00
   328    2.4416E-06    0.0000E+00   -7.5966E-06    0.0000E+00
   329   -3.5368E-06    0.0000E+00   -5.5200E-06    0.0000E+00
   330   -1.9177E-06    0.0000E+00   -1.4421E-06    0.0000E+00
   331    2.7226E-06    0.0000E+00   -6.4565E-06    0.0000E+00
   332    1.9491E-06    0.0000E+00    1.1030E-07    0.0000E+00
   333   -2.8075E-06    0.0000E+00   -1.9734E-06    0.0000E+00
   334   -4.5349E-06    0.0000E+00   -7.7398E-06    0.0000E+00
   335    1.0254E-06    0.0000E+00   -6.5620E-06    0.0000E+00
   336    1.2645E-06    0.0000E+00   -5.0459E-06    0.0000E+00
   337   -3.2579E-06    0.0000E+00   -1.0739E-05    0.0000E+00
   338    2.2779E-06    0.0000E+00    9.4201E-06    0.0000E+00
   339    6.6394E-06    0.0000E+00    1.5733E-06    0.0000E+00
   340    1.5711E-06    0.0000E+00   -2.8619E-05    0.0000E+00
   341   -1.7627E-06    0.0000E+00   -1.4931E-05    0.0000E+00
   342   -3.0989E-05    0.0000E+00   -7.2736E-07    0.0000E+00
   343   -4.2693E-05    0.0000E+00    2.3053E-05    0.0000E+00
   344    5.3433E-05    0.0000E+00    2.1678E-04    0.0000E+00
   345    1.3187E-04    0.0000E+00   -3.8283E-05    0.0000E+00
   346    1.5769E-04    0.0000E+00   -1.7919E-04    0.0000E+00
   347    1.3694E-04    0.0000E+00   -1.1103E-04    0.0000E+00
   348    9.3609E-05    0.0000E+00    7.8832E-05    0.0000E+00
   349    7.0387E-05    0.0000E+00    5.0497E-05    0.0000E+00
   350    2.7586E-05    0.0000E+00   -1.3023E-05    0.0000E+00
   351   -2.3731E-06    0.0000E+00   -2.1841E-05    0.0000E+00
   352   -1.1968E-05    0.0000E+00   -8.5751E-06    0.0000E+00
   353    4.5715E-06    0.0000E+00    1.8337E-06    0.0000E+00
   354    4.9548E-06    0.0000E+00    9.7780E-06    0.0000E+00
   355   -2.3991E-06    0.0000E+00   -3.5976E-06    0.0000E+00
   356   -3.3589E-07    0.0000E+00   -1.5614E-05    0.0000E+00
   357    2.4945E-06    0.0000E+00   -4.4866E-06    0.0000E+00
   358   -6.8316E-07    0.0000E+00    2.1246E-06    0.0000E+00
   359   -2.0693E-06    0.0000E+00   -2.3313E-06    0.0000E+00
   360    5.5861E-07    0.0000E+00    6.6485E-06    0.0000E+00
   361    3.5361E-06    0.0000E+00    2.6737E-05    0.0000E+00
   362    1.1497E-06    0.0000E+00    2.9502E-05    0.0000E+00
   363   -3.8780E-06    0.0000E+00    5.3507E-07    0.0000E+00
   364   -2.2431E-07    0.0000E+00    2.1766E-06    0.0000E+00
   365    4.2374E-06    0.0000E+00    1.5774E-05    0.0000E+00
   366    1.9668E-07    0.0000E+00    2.5976E-05    0.0000E+00
   367   -3.0033E-06    0.0000E+00    2.1693E-05    0.0000E+00
   368   -2.1217E-06    0.0000E+00   -2.2474E-05    0.0000E+00
   369   -3.6513E-07    0.0000E+00    1.8894E-05    0.0000E+00
   370    1.2309E-06    0.0000E+00    3.8371E-05    0.0000E+00
   371    2.5679E-06    0.0000E+00   -4.6686E-05    0.0000E+00
   372    5.9063E-06    0.0000E+00   -8.0339E-05    0.0000E+00
   373    1.3370E-05    0.0000E+00   -2.6863E-05    0.0000E+00
   374    1.2993E-05    0.0000E+00   -3.4337E-05    0.0000E+00
   375    7.1397E-06    0.0000E+00   -4.7988E-06    0.0000E+00
   376    1.9927E-06    0.0000E+00    1.0447E-05    0.0000E+00
   377    2.1929E-07    0.0000E+00    9.1956E-06    0.0000E+00
   378    3.0140E-06    0.0000E+00   -3.5274E-07    0.0000E+00
   379    4.0363E-06    0.0000E+00   -3.7865E-06    0.0000E+00
   380    1.1917E-06    0.0000E+00    1.4231E-06    0.0000E+00
   381    7.5607E-07    0.0000E+00    8.1683E-06    0.0000E+00
   382    4.5559E-06    0.0000E+00    4.0863E-06    0.0000E+00
   383    6.4399E-06    0.0000E+00   -8.4292E-06    0.0000E+00
   384    4.2182E-06    0.0000E+00   -3.3336E-06    0.0000E+00
   385    3.2349E-06    0.0000E+00    3.0417E-06    0.0000E+00
   386    3.6531E-06    0.0000E+00    4.4422E-07    0.0000E+00
   387    4.2462E-06    0.0000E+00    7.1189E-06    0.0000E+00
   388   -4.6155E-06    0.0000E+00    6.8175E-06    0.0000E+00
   389   -1.6144E-06    0.0000E+00   -3.5886E-06    0.0000E+00
   390    1.0519E-05    0.0000E+00    1.4616E-05    0.0000E+00
   391    2.6010E-05    0.0000E+00   -1.1232E-05    0.0000E+00
   392    1.2422E-05    0.0000E+00   -6.4497E-05    0.0000E+00
   393   -9.2041E-05    0.0000E+00   -3.8189E-05    0.0000E+00
   394   -1.6397E-04    0.0000E+00    1.3824E-04    0.0000E+00
   395    7.0265E-05    0.0000E+00    2.5133E-04    0.0000E+00
   396    8.3791E-05    0.0000E+00    2.1303E-04    0.0000E+00
   397    2.0698E-08    0.0000E+00    6.0467E-05    0.0000E+00
   398   -4.9910E-05    0.0000E+00    1.2527E-05    0.0000E+00
   399   -2.6603E-05    0.0000E+00    5.7294E-05    0.0000E+00
   400    2.6713E-06    0.0000E+00    1.8622E-05    0.0000E+00
   401    1.0722E-05    0.0000E+00   -5.9001E-06    0.0000E+00
   402    1.9450E-06    0.0000E+00    3.1762E-06    0.0000E+00
   403   -3.3955E-06    0.0000E+00   -3.9448E-06    0.0000E+00
   404    1.3790E-06    0.0000E+00    2.6461E-07    0.0000E+00
   405    3.9687E-06    0.0000E+00    3.2719E-06    0.0000E+00
   406    2.7527E-06    0.0000E+00    3.8541E-06    0.0000E+00
   407    4.8241E-06    0.0000E+00   -1.9215E-06    0.0000E+00
   408    5.7851E-06    0.0000E+00    5.8535E-07    0.0000E+00
   409    2.3697E-06    0.0000E+00    6.5945E-07    0.0000E+00
   410    8.8636E-07    0.0000E+00   -4.4578E-06    0.0000E+00
   411    1.3877E-06    0.0000E+00   -1.1208E-05    0.0000E+00
   412    3.4078E-06    0.0000E+00   -1.1894E-05    0.0000E+00
   413    2.6829E-06    0.0000E+00   -5.5230E-06    0.0000E+00
   414   -1.3602E-07    0.0000E+00    1.2460E-06    0.0000E+00
   415    1.2478E-06    0.0000E+00   -2.4595E-05    0.0000E+00
   416    4.4406E-06    0.0000E+00   -1.4734E-05    0.0000E+00
   417    1.7102E-06    0.0000E+00   -2.3864E-05    0.0000E+00
   418    1.6545E-06    0.0000E+00    8.1614E-06    0.0000E+00
   419   -2.6396E-06    0.0000E+00    2.6875E-05    0.0000E+00
   420   -1.8901E-06    0.0000E+00    2.9909E-05    0.0000E+00
   421   -6.5329E-07    0.0000E+00    4.4899E-05    0.0000E+00
   422   -1.5751E-06    0.0000E+00   -1.9834E-05    0.0000E+00
   423   -8.1456E-06    0.0000E+00    4.1033E-05    0.0000E+00
   424   -5.5065E-06    0.0000E+00    1.9807E-05    0.0000E+00
   425   -9.7179E-07    0.0000E+00   -8.7512E-07    0.0000E+00
   426   -3.1885E-06    0.0000E+00   -2.7550E-06    0.0000E+00
   427   -3.1439E-06    0.0000E+00   -6.0848E-07    0.0000E+00
   428   -2.7557E-07    0.0000E+00    3.1793E-06    0.0000E+00
   429    7.5331E-07    0.0000E+00    1.0004E-06    0.0000E+00
   430   -2.4409E-06    0.0000E+00   -5.3890E-06    0.0000E+00
   431   -4.5110E-06    0.0000E+00    3.2768E-06    0.0000E+00
   432   -1.0550E-06    0.0000E+00    6.7340E-06    0.0000E+00
   433    2.0041E-06    0.0000E+00   -3.1471E-06    0.0000E+00
   434   -1.4818E-06    0.0000E+00   -3.2704E-06    0.0000E+00
   435   -2.1688E-06    0.0000E+00    2.9292E-06    0.0000E+00
   436    1.9652E-07    0.0000E+00   -1.0937E-06    0.0000E+00
   437   -7.8502E-06    0.0000E+00   -2.8124E-06    0.0000E+00
   438   -2.6103E-06    0.0000E+00   -4.9488E-06    0.0000E+00
   439   -3.3840E-06    0.0000E+00   -2.4437E-06    0.0000E+00
   440   -1.8164E-05    0.0000E+00    2.5229E-05    0.0000E+00
   441    2.2772E-05    0.0000E+00    2.9230E-05    0.0000E+00
   442    6.1648E-05    0.0000E+00   -1.0291E-05    0.0000E+00
   443    6.0890E-05    0.0000E+00   -1.9954E-04    0.0000E+00
   444   -1.3226E-04    0.0000E+00   -3.3468E-05    0.0000E+00
   445   -1.8129E-04    0.0000E+00   -1.0554E-04    0.0000E+00
   446   -9.3855E-05    0.0000E+00   -5.7844E-05    0.0000E+00
   447   -2.1408E-05    0.0000E+00   -3.8365E-05    0.0000E+00
   448   -9.0588E-06    0.0000E+00   -5.7210E-05    0.0000E+00
   449   -2.3087E-05    0.0000E+00   -2.4987E-05    0.0000E+00
   450   -9.9763E-06    0.0000E+00   -1.2319E-06    0.0000E+00
   451   -1.9363E-06    0.0000E+00    9.7312E-06    0.0000E+00
   452   -1.8614E-06    0.0000E+00    3.4764E-07    0.0000E+00
   453   -5.0228E-07    0.0000E+00   -7.5152E-06    0.0000E+00
   454    1.8629E-06    0.0000E+00    5.4900E-07    0.0000E+00
   455   -2.2994E-07    0.0000E+00    8.5247E-06    0.0000E+00
   456   -4.8688E-06    0.0000E+00    1.4694E-06    0.0000E+00
   457   -6.2780E-06    0.0000E+00   -3.2324E-06    0.0000E+00
   458   -2.7837E-06    0.0000E+00   -7.4095E-06    0.0000E+00
   459   -1.2072E-06    0.0000E+00   -4.2440E-07    0.0000E+00
   460   -3.9598E-06    0.0000E+00   -2.4723E-06    0.0000E+00
   461   -1.8369E-06    0.0000E+00    7.1678E-06    0.0000E+00
   462    1.5001E-06    0.0000E+00    8.8637E-06    0.0000E+00
   463    2.6217E-07    0.0000E+00    3.7206E-06    0.0000E+00
   464   -2.7977E-06    0.0000E+00    3.9067E-06    0.0000E+00
   465   -1.9020E-06    0.0000E+00    1.9691E-05    0.0000E+00
   466    7.2265E-07    0.0000E+00   -3.4910E-06    0.0000E+00
   467   -4.1639E-07    0.0000E+00    2.4504E-05    0.0000E+00
   468   -1.8516E-06    0.0000E+00   -7.3683E-05    0.0000E+00
   469    2.5532E-06    0.0000E+00    3.3802E-05    0.0000E+00
   470    3.7085E-06    0.0000E+00    5.9450E-05    0.0000E+00
   471   -1.2240E-06    0.0000E+00    1.0250E-04    0.0000E+00
   472   -7.9811E-06    0.0000E+00    4.2138E-05    0.0000E+00
   473   -7.2188E-06    0.0000E+00   -7.1897E-06    0.0000E+00
   474   -3.2155E-06    0.0000E+00    2.4620E-06    0.0000E+00
   475    8.2402E-07    0.0000E+00   -5.2763E-06    0.0000E+00
   476    2.4713E-06    0.0000E+00   -1.9893E-06    0.0000E+00
   477    1.2489E-06    0.0000E+00   -2.3815E-06    0.0000E+00
   478   -1.3215E-06    0.0000E+00   -1.6107E-06    0.0000E+00
   479    7.2259E-08    0.0000E+00    1.0710E-06    0.0000E+00
   480    2.1239E-06    0.0000E+00   -3.8506E-06    0.0000E+00
   481   -1.3014E-06    0.0000E+00   -3.3122E-06    0.0000E+00
   482   -5.0140E-06    0.0000E+00   -7.4189E-07    0.0000E+00
   483   -5.2599E-06    0.0000E+00   -4.7032E-06    0.0000E+00
   484   -3.0975E-07    0.0000E+00   -1.4010E-06    0.0000E+00
   485    3.2811E-07    0.0000E+00    6.1074E-06    0.0000E+00
   486    6.1321E-06    0.0000E+00   -7.8321E-06    0.0000E+00
   487    8.3556E-06    0.0000E+00   -1.5224E-07    0.0000E+00
   488    3.7961E-06    0.0000E+00   -1.2032E-06    0.0000E+00
   489   -6.0449E-08    0.0000E+00   -1.4767E-05    0.0000E+00
   490   -1.7836E-05    0.0000E+00   -3.1096E-05    0.0000E+00
   491   -5.2635E-05    0.0000E+00    6.1895E-05    0.0000E+00
   492    4.3485E-05    0.0000E+00    7.1999E-05    0.0000E+00
   493    7.3614E-05    0.0000E+00   -2.3557E-05    0.0000E+00
   494    1.1360E-04    0.0000E+00   -5.0764E-05    0.0000E+00
   495    8.3112E-05    0.0000E+00   -6.2174E-05    0.0000E+00
   496    3.5768E-05    0.0000E+00   -7.4913E-06    0.0000E+00
   497    2.0894E-05    0.0000E+00    3.0230E-05    0.0000E+00
   498    2.3876E-05    0.0000E+00    7.9929E-06    0.0000E+00
   499    1.0628E-05    0.0000E+00   -2.6318E-06    0.0000E+00
   500    2.0789E-06    0.0000E+00   -1.0100E-05    0.0000E+00
   501    1.1835E-06    0.0000E+00   -8.3975E-06    0.0000E+00
   502    9.3760E-07    0.0000E+00    5.6468E-06    0.0000E+00
   503   -2.9274E-06    0.0000E+00   -1.5865E-06    0.0000E+00
   504   -3.3786E-06    0.0000E+00    9.6672E-08    0.0000E+00
   505    6.3418E-07    0.0000E+00    8.6772E-07    0.0000E+00
   506    2.7089E-06    0.0000E+00   -2.1321E-06    0.0000E+00
   507    2.0873E-06    0.0000E+00   -7.4805E-06    0.0000E+00
   508    2.0045E-06    0.0000E+00   -4.0909E-06    0.0000E+00
   509    2.3701E-06    0.0000E+00   -2.3928E-06    0.0000E+00
   510    8.6412E-07    0.0000E+00   -4.4472E-06    0.0000E+00
   511   -8.9585E-07    0.0000E+00    1.0565E-06    0.0000E+00
   512   -1.3837E-06    0.0000E+00   -3.0692E-07    0.0000E+00
   513   -7.6790E-08    0.0000E+00   -7.9865E-06    0.0000E+00
   514    1.5178E-06    0.0000E+00   -2.5769E-06    0.0000E+00
   515   -1.2879E-06    0.0000E+00    3.6663E-05    0.0000E+00
   516    2.2356E-06    0.0000E+00    6.6921E-05    0.0000E+00
   517   -1.8234E-06    0.0000E+00   -5.3172E-05    0.0000E+00
   518   -1.2162E-06    0.0000E+00   -3.0661E-05    0.0000E+00
   519    1.5024E-06    0.0000E+00    2.5818E-05    0.0000E+00
   520   -7.6028E-07    0.0000E+00   -4.3396E-05    0.0000E+00
   521    1.1578E-06    0.0000E+00   -2.1418E-05    0.0000E+00
   522    8.6263E-06    0.0000E+00   -5.4286E-06    0.0000E+00
   523    9.6624E-06    0.0000E+00   -1.7568E-05    0.0000E+00
   524    4.1775E-06    0.0000E+00   -6.8860E-07    0.0000E+00
   525   -3.7469E-07    0.0000E+00    3.1032E-06    0.0000E+00
   526    8.7133E-07    0.0000E+00    2.7357E-06    0.0000E+00
   527    2.6116E-06    0.0000E+00    4.6732E-06    0.0000E+00
   528    1.0012E-06    0.0000E+00    3.6672E-06    0.0000E+00
   529    3.1289E-07    0.0000E+00    5.3773E-06    0.0000E+00
   530    2.0486E-06    0.0000E+00    2.8501E-06    0.0000E+00
   531    4.5540E-06    0.0000E+00    1.8418E-07    0.0000E+00
   532    4.6904E-06    0.0000E+00    1.6521E-07    0.0000E+00
   533    2.1984E-06    0.0000E+00   -1.3018E-06    0.0000E+00
   534   -9.0640E-07    0.0000E+00    5.5727E-06    0.0000E+00
   535    1.8022E-06    0.0000E+00    9.3695E-06    0.0000E+00
   536   -4.6107E-07    0.0000E+00    8.4803E-06    0.0000E+00
   537   -3.8220E-06    0.0000E+00    5.8376E-06    0.0000E+00
   538    3.0034E-06    0.0000E+00    9.8857E-06    0.0000E+00
   539    2.8661E-05    0.0000E+00    1.1422E-05    0.0000E+00
   540    4.1370E-06    0.0000E+00   -5.5082E-05    0.0000E+00
   541   -2.9130E-05    0.0000E+00    3.2611E-06    0.0000E+00
   542   -4.6882E-05    0.0000E+00    2.9801E-05    0.0000E+00
   543   -9.1674E-05    0.0000E+00    1.1816E-05    0.0000E+00
   544   -1.0540E-04    0.0000E+00    9.5698E-05    0.0000E+00
   545   -7.6226E-05    0.0000E+00    5.9871E-05    0.0000E+00
   546   -4.7666E-05    0.0000E+00    6.6410E-06    0.0000E+00
   547   -2.9330E-05    0.0000E+00   -8.6362E-06    0.0000E+00
   548   -1.3033E-05    0.0000E+00    7.8531E-07    0.0000E+00
   549    6.9450E-06    0.0000E+00    1.4825E-05    0.0000E+00
   550    1.1330E-05    0.0000E+00    9.7210E-06    0.0000E+00
   551    5.0386E-07    0.0000E+00   -3.6960E-06    0.0000E+00
   552   -3.5726E-08    0.0000E+00   -5.3529E-06    0.0000E+00
   553    2.3610E-06    0.0000E+00   -1.6474E-06    0.0000E+00
   554   -5.5196E-07    0.0000E+00    3.7471E-06    0.0000E+00
   555    7.7314E-07    0.0000E+00    3.3189E-06    0.0000E+00
   556    5.2965E-06    0.0000E+00    2.8506E-06    0.0000E+00
   557    4.6272E-06    0.0000E+00    5.6011E-06    0.0000E+00
   558    1.2586E-06    0.0000E+00    6.6063E-06    0.0000E+00
   559   -2.5235E-07    0.0000E+00   -3.6237E-06    0.0000E+00
   560    1.4706E-06    0.0000E+00    5.4980E-07    0.0000E+00
   561    3.2095E-06    0.0000E+00    2.5833E-06    0.0000E+00
   562    6.0581E-07    0.0000E+00    2.7348E-06    0.0000E+00
   563   -5.5033E-07    0.0000E+00   -4.6150E-06    0.0000E+00
   564    7.9226E-07    0.0000E+00   -9.5100E-06    0.0000E+00
   565   -6.6962E-07    0.0000E+00    2.1369E-05    0.0000E+00
   566    4.5808E-07    0.0000E+00    1.5701E-05    0.0000E+00
   567    3.5969E-06    0.0000E+00   -1.6007E-05    0.0000E+00
   568   -2.1069E-06    0.0000E+00    1.9200E-05    0.0000E+00
   569   -5.3979E-06    0.0000E+00    2.9652E-05    0.0000E+00
   570   -3.8556E-07    0.0000E+00   -1.3383E-05    0.0000E+00
   571    4.9149E-06    0.0000E+00   -3.1237E-05    0.0000E+00
   572    4.1588E-07    0.0000E+00    8.0695E-06    0.0000E+00
   573   -5.3283E-06    0.0000E+00    6.0550E-06    0.0000E+00
   574   -2.4995E-06    0.0000E+00    4.2907E-06    0.0000E+00
   575   -9.2838E-07    0.0000E+00   -6.4681E-07    0.0000E+00
   576   -5.2984E-06    0.0000E+00   -4.1566E-06    0.0000E+00
   577   -4.8833E-06    0.0000E+00    5.6010E-07    0.0000E+00
   578   -7.8625E-07    0.0000E+00    1.4528E-07    0.0000E+00
   579   -9.2434E-07    0.0000E+00   -1.2639E-06    0.0000E+00
   580   -4.0167E-06    0.0000E+00   -4.0499E-07    0.0000E+00
   581   -6.8443E-06    0.0000E+00    5.0609E-08    0.0000E+00
   582   -3.4376E-06    0.0000E+00    4.8221E-06    0.0000E+00
   583    5.2705E-07    0.0000E+00   -3.2427E-06    0.0000E+00
   584   -5.3293E-06    0.0000E+00   -4.2178E-06    0.0000E+00
   585   -5.4865E-06    0.0000E+00   -3.7249E-06    0.0000E+00
   586   -9.1482E-07    0.0000E+00   -3.1291E-06    0.0000E+00
   587   -7.6816E-06    0.0000E+00   -4.8174E-06    0.0000E+00
   588   -1.3682E-05    0.0000E+00    7.2739E-06    0.0000E+00
   589   -1.1979E-05    0.0000E+00    2.4261E-05    0.0000E+00
   590    1.4512E-05    0.0000E+00   -2.6326E-05    0.0000E+00
   591    4.9437E-05    0.0000E+00    1.1815E-05    0.0000E+00
   592    6.1360E-05    0.0000E+00   -4.8092E-05    0.0000E+00
   593   -5.7675E-05    0.0000E+00   -2.2382E-04    0.0000E+00
   594   -7.4625E-05    0.0000E+00   -2.1948E-04    0.0000E+00
   595   -1.3825E-05    0.0000E+00   -1.0807E-04    0.0000E+00
   596    1.3706E-05    0.0000E+00   -4.2470E-05    0.0000E+00
   597    1.4838E-05    0.0000E+00   -2.7021E-05    0.0000E+00
   598    1.7135E-06    0.0000E+00   -1.8292E-05    0.0000E+00
   599   -1.3905E-05    0.0000E+00    2.5562E-06    0.0000E+00
   600   -9.2069E-06    0.0000E+00    7.1365E-06    0.0000E+00
   601   -7.7356E-07    0.0000E+00   -8.9536E-07    0.0000E+00
   602   -3.4918E-06    0.0000E+00   -2.2985E-06    0.0000E+00
   603   -2.9934E-06    0.0000E+00    2.4690E-06    0.0000E+00
   604   -8.2915E-07    0.0000E+00    2.4500E-06    0.0000E+00
   605   -4.3324E-06    0.0000E+00   -4.4719E-07    0.0000E+00
   606   -8.9999E-06    0.0000E+00   -4.3366E-06    0.0000E+00
   607   -7.5276E-06    0.0000E+00   -3.9536E-06    0.0000E+00
   608   -2.2834E-06    0.0000E+00    2.4555E-06    0.0000E+00
   609   -1.0416E-06    0.0000E+00   -4.6135E-06    0.0000E+00
   610   -4.9839E-06    0.0000E+00    7.2881E-06    0.0000E+00
   611   -4.4005E-06    0.0000E+00    9.2573E-07    0.0000E+00
   612    1.8564E-07    0.0000E+00   -7.0330E-06    0.0000E+00
   613   -5.3043E-07    0.0000E+00    1.2134E-05    0.0000E+00
   614   -1.9158E-07    0.0000E+00   -2.5847E-06    0.0000E+00
   615   -2.9092E-06    0.0000E+00   -1.5293E-05    0.0000E+00
   616   -3.1928E-07    0.0000E+00   -9.4789E-06    0.0000E+00
   617   -1.4165E-06    0.0000E+00   -1.6042E-05    0.0000E+00
   618   -3.3042E-07    0.0000E+00   -1.8450E-05    0.0000E+00
   619    3.0038E-06    0.0000E+00    2.6017E-06    0.0000E+00
   620    7.6132E-07    0.0000E+00    2.8819E-05    0.0000E+00
   621   -6.1701E-06    0.0000E+00    7.0098E-06    0.0000E+00
   622   -8.8780E-06    0.0000E+00   -4.0768E-06    0.0000E+00
   623   -3.5222E-06    0.0000E+00    1.5117E-06    0.0000E+00
   624    2.0338E-06    0.0000E+00    4.6131E-06    0.0000E+00
   625    1.1021E-06    0.0000E+00   -4.1586E-06    0.0000E+00
   626    5.8894E-08    0.0000E+00   -7.0694E-06    0.0000E+00
   627   -5.7408E-07    0.0000E+00   -6.2392E-07    0.0000E+00
   628    2.7013E-07    0.0000E+00    4.0908E-06    0.0000E+00
   629    2.6786E-06    0.0000E+00   -1.8586E-06    0.0000E+00
   630    1.0551E-06    0.0000E+00   -9.2224E-06    0.0000E+00
   631   -2.4194E-06    0.0000E+00   -7.6525E-06    0.0000E+00
   632   -3.2752E-07    0.0000E+00   -8.1401E-08    0.0000E+00
   633   -6.0464E-07    0.0000E+00   -3.8378E-06    0.0000E+00
   634   -2.5973E-06    0.0000E+00    1.1848E-06    0.0000E+00
   635    7.7112E-06    0.0000E+00    2.9124E-06    0.0000E+00
   636    8.3416E-06    0.0000E+00    3.0768E-06    0.0000E+00
   637    3.1713E-06    0.0000E+00   -1.0300E-05    0.0000E+00
   638   -1.5235E-05    0.0000E+00   -2.6831E-05    0.0000E+00
   639   -4.7112E-06    0.0000E+00    5.9136E-06    0.0000E+00
   640    6.4755E-06    0.0000E+00    7.4805E-06    0.0000E+00
   641   -5.3889E-05    0.0000E+00    6.0670E-05    0.0000E+00
   642    6.5183E-05    0.0000E+00    6.5564E-05    0.0000E+00
   643    2.0708E-04    0.0000E+00    3.7794E-05    0.0000E+00
   644    1.5360E-04    0.0000E+00    4.7472E-07    0.0000E+00
   645    6.6300E-05    0.0000E+00    7.9029E-06    0.0000E+00
   646    2.4480E-05    0.0000E+00    2.3868E-05    0.0000E+00
   647    1.8512E-05    0.0000E+00    2.4573E-05    0.0000E+00
   648    4.6013E-07    0.0000E+00    2.5459E-06    0.0000E+00
   649   -3.1421E-06    0.0000E+00   -6.8120E-06    0.0000E+00
   650    1.3507E-06    0.0000E+00    3.1003E-07    0.0000E+00
   651    1.5006E-07    0.0000E+00   -2.6710E-06    0.0000E+00
   652   -2.1996E-06    0.0000E+00   -8.7181E-06    0.0000E+00
   653    6.7126E-07    0.0000E+00   -4.5539E-06    0.0000E+00
   654    1.9004E-06    0.0000E+00    1.8800E-06    0.0000E+00
   655    6.0985E-07    0.0000E+00    3.3690E-06    0.0000E+00
   656   -2.4597E-07    0.0000E+00   -2.4085E-06    0.0000E+00
   657    3.7941E-07    0.0000E+00    7.5377E-07    0.0000E+00
   658    2.8016E-06    0.0000E+00    2.0697E-06    0.0000E+00
   659    8.2490E-07    0.0000E+00   -7.5887E-06    0.0000E+00
   660   -1.6761E-06    0.0000E+00   -1.1169E-05    0.0000E+00
   661   -4.7416E-07    0.0000E+00   -1.1868E-06    0.0000E+00
   662    1.1821E-06    0.0000E+00    1.1720E-05    0.0000E+00
   663    1.3210E-06    0.0000E+00    2.1639E-05    0.0000E+00
   664    1.6426E-06    0.0000E+00   -4.3383E-06    0.0000E+00
   665    3.5628E-06    0.0000E+00    1.5874E-05    0.0000E+00
   666   -3.3258E-06    0.0000E+00    2.4063E-05    0.0000E+00
   667   -1.4753E-06    0.0000E+00   -3.6709E-05    0.0000E+00
   668    2.4334E-06    0.0000E+00   -4.0109E-05    0.0000E+00
   669   -9.6285E-07    0.0000E+00   -2.5989E-05    0.0000E+00
   670   -4.8212E-06    0.0000E+00    9.2569E-06    0.0000E+00
   671    9.7787E-07    0.0000E+00    1.3474E-05    0.0000E+00
   672    7.5705E-06    0.0000E+00   -1.1083E-06    0.0000E+00
   673    3.3276E-06    0.0000E+00   -4.6785E-06    0.0000E+00
   674   -6.3572E-07    0.0000E+00   -2.1518E-06    0.0000E+00
   675    3.6411E-06    0.0000E+00    3.8538E-06    0.0000E+00
   676    6.1283E-06    0.0000E+00    4.7905E-06    0.0000E+00
   677    1.6545E-06    0.0000E+00    5.4222E-06    0.0000E+00
   678   -2.6497E-06    0.0000E+00    4.4916E-06    0.0000E+00
   679   -5.9620E-08    0.0000E+00    2.1618E-06    0.0000E+00
   680    7.6857E-06    0.0000E+00   -2.7989E-06    0.0000E+00
   681    8.6685E-06    0.0000E+00    1.1677E-06    0.0000E+00
   682    2.5209E-06    0.0000E+00    3.2902E-06    0.0000E+00
   683    6.2804E-06    0.0000E+00    2.4444E-06    0.0000E+00
   684   -9.2274E-07    0.0000E+00    4.2148E-07    0.0000E+00
   685   -6.1439E-06    0.0000E+00    3.0747E-07    0.0000E+00
   686   -8.8194E-07    0.0000E+00    1.1306E-05    0.0000E+00
   687    1.5260E-05    0.0000E+00   -5.0370E-07    0.0000E+00
   688    6.4796E-06    0.0000E+00   -5.8844E-06    0.0000E+00
   689    4.9448E-05    0.0000E+00    1.4864E-05    0.0000E+00
   690   -3.7609E-05    0.0000E+00   -2.3784E-05    0.0000E+00
   691   -3.8441E-05    0.0000E+00   -3.4819E-05    0.0000E+00
   692   -4.4700E-05    0.0000E+00   -1.7112E-05    0.0000E+00
   693   -2.0930E-05    0.0000E+00    3.8904E-05    0.0000E+00
   694   -1.6861E-05    0.0000E+00    3.3227E-05    0.0000E+00
   695   -1.6837E-05    0.0000E+00    1.0736E-05    0.0000E+00
   696   -2.1727E-05    0.0000E+00    2.3101E-07    0.0000E+00
   697   -1.6368E-05    0.0000E+00    9.8616E-07    0.0000E+00
   698    6.0088E-06    0.0000E+00    9.2324E-07    0.0000E+00
   699    8.9770E-06    0.0000E+00    2.0182E-06    0.0000E+00
   700    2.0858E-06    0.0000E+00    1.6721E-06    0.0000E+00
   701    7.1294E-06    0.0000E+00    3.6300E-06    0.0000E+00
   702    8.3336E-06    0.0000E+00    4.0255E-06    0.0000E+00
   703    7.5640E-07    0.0000E+00    3.6384E-08    0.0000E+00
   704   -4.7731E-07    0.0000E+00   -2.9917E-06    0.0000E+00
   705    5.1517E-06    0.0000E+00    2.1899E-06    0.0000E+00
   706    7.0622E-06    0.0000E+00   -3.1851E-06    0.0000E+00
   707    1.6824E-06    0.0000E+00    6.5986E-06    0.0000E+00
   708   -1.4134E-06    0.0000E+00    2.4196E-06    0.0000E+00
   709    3.8240E-06    0.0000E+00    6.2068E-06    0.0000E+00
   710    5.4834E-06    0.0000E+00   -4.7124E-06    0.0000E+00
   711    6.7574E-07    0.0000E+00    6.5225E-06    0.0000E+00
   712   -6.0968E-07    0.0000E+00    2.4810E-06    0.0000E+00
   713   -2.1378E-06    0.0000E+00   -1.3371E-05    0.0000E+00
   714    7.0801E-07    0.0000E+00   -5.8510E-08    0.0000E+00
   715    6.6552E-07    0.0000E+00    9.3691E-06    0.0000E+00
   716    5.9145E-06    0.0000E+00    1.5126E-05    0.0000E+00
   717    1.9199E-06    0.0000E+00    2.2946E-05    0.0000E+00
   718   -3.3470E-06    0.0000E+00    7.1727E-07    0.0000E+00
   719   -1.5215E-06    0.0000E+00   -2.2633E-05    0.0000E+00
   720    5.0828E-06    0.0000E+00   -1.2816E-05    0.0000E+00
   721    7.1690E-06    0.0000E+00    1.3863E-05    0.0000E+00
   722    2.2456E-06    0.0000E+00    1.1834E-05    0.0000E+00
   723    1.1134E-08    0.0000E+00    7.6127E-07    0.0000E+00
   724   -5.6091E-07    0.0000E+00   -3.6248E-06    0.0000E+00
   725   -1.3974E-06    0.0000E+00    7.7673E-07    0.0000E+00
   726    4.9319E-07    0.0000E+00    5.1525E-06    0.0000E+00
   727    2.5021E-06    0.0000E+00    4.4984E-06    0.0000E+00
   728   -2.0053E-07    0.0000E+00    1.0336E-06    0.0000E+00
   729   -3.5283E-06    0.0000E+00    1.3235E-06    0.0000E+00
   730   -2.8999E-06    0.0000E+00   -1.4680E-06    0.0000E+00
   731   -4.4702E-06    0.0000E+00    2.2343E-06    0.0000E+00
   732    1.3958E-06    0.0000E+00    2.4562E-06    0.0000E+00
   733    4.2815E-06    0.0000E+00    4.9586E-06    0.0000E+00
   734    2.6315E-06    0.0000E+00    1.1773E-06    0.0000E+00
   735   -1.3447E-05    0.0000E+00   -7.8804E-06    0.0000E+00
   736    3.0555E-06    0.0000E+00    2.0484E-06    0.0000E+00
   737   -5.4157E-06    0.0000E+00    3.6232E-06    0.0000E+00
   738   -1.4337E-05    0.0000E+00    3.8610E-06    0.0000E+00
   739    3.1732E-06    0.0000E+00    2.5324E-05    0.0000E+00
   740    3.7448E-05    0.0000E+00    2.5937E-05    0.0000E+00
   741    1.8041E-05    0.0000E+00    8.3096E-06    0.0000E+00
   742   -6.7249E-05    0.0000E+00   -2.5476E-05    0.0000E+00
   743   -8.3535E-05    0.0000E+00   -2.2403E-05    0.0000E+00
   744   -3.7469E-05    0.0000E+00   -8.1463E-06    0.0000E+00
   745   -1.0771E-05    0.0000E+00   -5.8081E-06    0.0000E+00
   746   -3.5838E-06    0.0000E+00   -1.0985E-05    0.0000E+00
   747    1.3300E-06    0.0000E+00   -6.8489E-06    0.0000E+00
   748    4.1169E-07    0.0000E+00    4.2721E-06    0.0000E+00
   749   -1.4980E-06    0.0000E+00    3.6499E-06    0.0000E+00
   750   -2.0573E-06    0.0000E+00   -2.4869E-06    0.0000E+00
   751   -2.6517E-06    0.0000E+00   -5.7891E-07    0.0000E+00
   752   -1.2148E-06    0.0000E+00    3.5416E-06    0.0000E+00
   753    1.2635E-06    0.0000E+00    4.5123E-06    0.0000E+00
   754   -5.0647E-07    0.0000E+00    1.8105E-06    0.0000E+00
   755   -1.9521E-06    0.0000E+00   -6.3952E-06    0.0000E+00
   756   -1.0603E-06    0.0000E+00    2.7846E-06    0.0000E+00
   757   -1.4197E-06    0.0000E+00   -4.0976E-06    0.0000E+00
   758   -1.3329E-06    0.0000E+00   -8.9796E-06    0.0000E+00
   759   -1.2367E-06    0.0000E+00    4.3357E-07    0.0000E+00
   760   -3.4945E-08    0.0000E+00    6.0666E-06    0.0000E+00
   761    2.6165E-07    0.0000E+00   -3.8732E-06    0.0000E+00
   762    2.7682E-07    0.0000E+00   -7.0039E-07    0.0000E+00
   763   -6.2956E-07    0.0000E+00   -5.6500E-06    0.0000E+00
   764   -1.9121E-06    0.0000E+00    4.7337E-06    0.0000E+00
   765   -1.3162E-08    0.0000E+00   -2.0655E-06    0.0000E+00
   766   -2.4269E-07    0.0000E+00   -4.7995E-06    0.0000E+00
   767   -1.0885E-06    0.0000E+00   -4.5176E-06    0.0000E+00
   768    1.2548E-06    0.0000E+00    2.6832E-06    0.0000E+00
   769    3.1907E-06    0.0000E+00    1.3623E-05    0.0000E+00
   770    7.6561E-07    0.0000E+00    1.2090E-05    0.0000E+00
   771   -3.2811E-06    0.0000E+00    8.2200E-06    0.0000E+00
   772   -2.7638E-06    0.0000E+00    1.2951E-06    0.0000E+00
   773   -1.2632E-07    0.0000E+00    3.4109E-07    0.0000E+00
   774   -9.4501E-07    0.0000E+00   -1.4243E-06    0.0000E+00
   775   -2.0813E-06    0.0000E+00    1.7013E-06    0.0000E+00
   776   -8.4899E-07    0.0000E+00    7.3358E-06    0.0000E+00
   777    1.8997E-06    0.0000E+00    4.8557E-06    0.0000E+00
   778    2.9168E-06    0.0000E+00    3.8205E-06    0.0000E+00
   779    9.8633E-07    0.0000E+00    5.7578E-08    0.0000E+00
   780   -2.4887E-06    0.0000E+00   -8.8318E-07    0.0000E+00
   781   -1.7255E-06    0.0000E+00    1.7981E-06    0.0000E+00
   782   -4.3975E-06    0.0000E+00   -7.5097E-07    0.0000E+00
   783   -1.2020E-06    0.0000E+00    4.3893E-06    0.0000E+00
   784    3.4695E-06    0.0000E+00   -3.3408E-06    0.0000E+00
   785    2.7618E-06    0.0000E+00   -7.5549E-07    0.0000E+00
   786    2.7126E-06    0.0000E+00    6.6122E-06    0.0000E+00
   787   -5.2359E-07    0.0000E+00   -1.3934E-05    0.0000E+00
   788   -2.6477E-05    0.0000E+00   -1.2521E-05    0.0000E+00
   789   -1.1856E-05    0.0000E+00   -2.4070E-06    0.0000E+00
   790   -7.1785E-06    0.0000E+00   -5.1359E-06    0.0000E+00
   791    7.0275E-06    0.0000E+00   -2.2184E-05    0.0000E+00
   792    2.1519E-05    0.0000E+00   -3.3635E-05    0.0000E+00
   793    1.5217E-05    0.0000E+00   -3.0619E-05    0.0000E+00
   794    7.8934E-06    0.0000E+00   -1.3339E-05    0.0000E+00
   795    5.6806E-06    0.0000E+00   -5.4990E-06    0.0000E+00
   796    8.3308E-06    0.0000E+00   -1.8756E-06    0.0000E+00
   797    1.3671E-06    0.0000E+00    2.3639E-06    0.0000E+00
   798   -2.4654E-06    0.0000E+00    3.3290E-06    0.0000E+00
   799   -4.3901E-07    0.0000E+00    1.9628E-06    0.0000E+00
   800   -1.9745E-06    0.0000E+00   -9.1642E-07    0.0000E+00
   801   -3.9483E-06    0.0000E+00   -1.3620E-06    0.0000E+00
   802   -5.1310E-07    0.0000E+00    2.6085E-06    0.0000E+00
   803    1.3594E-06    0.0000E+00    2.0733E-06    0.0000E+00
   804   -7.5853E-07    0.0000E+00    9.8985E-07    0.0000E+00
   805   -2.4178E-06    0.0000E+00    4.4936E-06    0.0000E+00
   806   -1.0449E-06    0.0000E+00    2.5897E-06    0.0000E+00
   807    1.3543E-06    0.0000E+00   -6.9910E-07    0.0000E+00
   808    2.5489E-08    0.0000E+00    3.5605E-06    0.0000E+00
   809   -1.4521E-06    0.0000E+00    3.8382E-06    0.0000E+00
   810    1.2180E-07    0.0000E+00    3.2439E-06    0.0000E+00
   811   -1.9082E-07    0.0000E+00    2.1321E-06    0.0000E+00
   812    2.8286E-06    0.0000E+00   -4.4633E-06    0.0000E+00
   813   -1.1651E-06    0.0000E+00    1.6568E-05    0.0000E+00
   814    1.4914E-07    0.0000E+00   -1.9542E-05    0.0000E+00
   815   -6.2099E-06    0.0000E+00    1.1405E-05    0.0000E+00
   816   -1.4546E-06    0.0000E+00    4.6555E-06    0.0000E+00
   817    4.7686E-06    0.0000E+00   -1.1654E-06    0.0000E+00
   818    2.5797E-06    0.0000E+00    1.6749E-06    0.0000E+00
   819   -4.7447E-06    0.0000E+00    1.5515E-05    0.0000E+00
   820   -5.0251E-06    0.0000E+00    1.2992E-05    0.0000E+00
   821   -6.0176E-07    0.0000E+00    5.1003E-07    0.0000E+00
   822    8.1440E-09    0.0000E+00    2.7116E-06    0.0000E+00
   823   -4.8468E-08    0.0000E+00    1.4923E-07    0.0000E+00
   824    1.1864E-06    0.0000E+00   -1.9331E-06    0.0000E+00
   825    4.3436E-07    0.0000E+00    1.3637E-06    0.0000E+00
   826   -1.4635E-06    0.0000E+00    3.7054E-06    0.0000E+00
   827   -2.3204E-06    0.0000E+00    1.5369E-06    0.0000E+00
   828   -1.2120E-06    0.0000E+00    4.4016E-07    0.0000E+00
   829    1.5923E-06    0.0000E+00   -1.1156E-06    0.0000E+00
   830    2.0343E-06    0.0000E+00    1.2146E-07    0.0000E+00
   831    2.8348E-07    0.0000E+00    1.7931E-06    0.0000E+00
   832    1.5960E-07    0.0000E+00   -2.8144E-06    0.0000E+00
   833   -6.5251E-06    0.0000E+00   -7.1443E-07    0.0000E+00
   834    1.0789E-05    0.0000E+00    4.4825E-07    0.0000E+00
   835   -4.9610E-06    0.0000E+00    8.9628E-07    0.0000E+00
   836   -2.2366E-06    0.0000E+00    5.7208E-06    0.0000E+00
   837    1.1652E-05    0.0000E+00    4.1337E-07    0.0000E+00
   838    1.0136E-05    0.0000E+00   -1.7124E-06    0.0000E+00
   839   -5.4532E-06    0.0000E+00   -6.7363E-06    0.0000E+00
   840    1.2330E-05    0.0000E+00    5.0416E-07    0.0000E+00
   841    2.7365E-05    0.0000E+00   -8.9831E-07    0.0000E+00
   842    2.8159E-05    0.0000E+00   -1.9003E-06    0.0000E+00
   843    1.4087E-05    0.0000E+00   -2.7526E-06    0.0000E+00
   844    4.0870E-06    0.0000E+00   -2.2424E-06    0.0000E+00
   845    1.0964E-06    0.0000E+00    7.3480E-07    0.0000E+00
   846   -1.5341E-06    0.0000E+00    1.8197E-06    0.0000E+00
   847   -2.2676E-06    0.0000E+00    1.3820E-06    0.0000E+00
   848   -1.5385E-06    0.0000E+00    1.2783E-07    0.0000E+00
   849    1.2409E-06    0.0000E+00   -1.3777E-07    0.0000E+00
   850    4.4720E-06    0.0000E+00    1.1469E-07    0.0000E+00
   851    2.5751E-06    0.0000E+00   -3.9123E-07    0.0000E+00
   852   -2.4283E-06    0.0000E+00    2.1070E-07    0.0000E+00
   853   -1.7019E-06    0.0000E+00   -1.7600E-06    0.0000E+00
   854    1.3458E-06    0.0000E+00   -1.0494E-06    0.0000E+00
   855    5.1292E-07    0.0000E+00   -4.0868E-06    0.0000E+00
   856    1.1371E-07    0.0000E+00    1.6161E-06    0.0000E+00
   857   -1.3960E-07    0.0000E+00   -2.4131E-07    0.0000E+00
   858    6.8221E-07    0.0000E+00   -2.5376E-06    0.0000E+00
