           2  -1.5783436831435091     
           3  -1.6014798134174051     
           4  -1.6176008399686577     
           5  -1.6308621674182078     
           6  -1.6424303882560367     
           7  -1.6528596041484911     
           8  -1.6624538612485318     
           9  -1.6714047350001604     
          10  -1.6798422423007868     
          11  -1.6878567779317641     
          12  -1.6955129395871904     
          13  -1.7028608061894988     
          14  -1.7099404942826995     
          15  -1.7167822359092064     
          16  -1.7234130468208859     
          17  -1.7298540019100230     
          18  -1.7361230945018586     
          19  -1.7422362932101392     
          20  -1.7482062885782221     
          21  -1.7540446081267973     
          22  -1.7597614617161197     
          23  -1.7653648806443305     
          24  -1.7708635442977223     
          25  -1.7762635863208094     
          26  -1.7815709446722332     
          27  -1.7867917074488626     
          28  -1.7919299976779066     
          29  -1.7969908924294991     
          30  -1.8019782980599965     
          31  -1.8068953914158661     
          32  -1.8117460223383799     
          33  -1.8165327033139633     
          34  -1.8212584527731734     
          35  -1.8259264445421768     
          36  -1.8305381089188315     
          37  -1.8350966208996433     
          38  -1.8396037464792154     
          39  -1.8440610510180826     
          40  -1.8484713959847963     
          41  -1.8528355769201843     
          42  -1.8571555834923201     
          43  -1.8614333297596422     
          44  -1.8656694601385018     
          45  -1.8698663686144243     
          46  -1.8740247678897932     
          47  -1.8781456842815329     
          48  -1.8822309927903067     
          49  -1.8862811788268397     
          50  -1.8902977281901010     
          51  -1.8942816546063042     
          52  -1.8982335109811521     
          53  -1.9021545785920781     
          54  -1.9060454362981445     
          55  -1.9099069981365049     
          56  -1.9137403115780227     
          57  -1.9175455285280449     
          58  -1.9213238858037642     
          59  -1.9250758964460690     
          60  -1.9288013511792612     
          61  -1.9325026828701677     
          62  -1.9361795681208971     
          63  -1.9398325152052405     
          64  -1.9434621132707812     
          65  -1.9470693615438577     
          66  -1.9506542231001347     
          67  -1.9542174116374247     
          68  -1.9577594469775386     
          69  -1.9612809888855041     
          70  -1.9647823783257903     
          71  -1.9682643183095305     
          72  -1.9717272808773765     
          73  -1.9751677095421192     
          74  -1.9785933450591722     
          75  -1.9820018831922828     
          76  -1.9853933528324172     
          77  -1.9887676247031691     
          78  -1.9921273861569828     
          79  -1.9954698121766228     
          80  -1.9987960146723784     
          81  -2.0021111409212251     
          82  -2.0054067634952024     
          83  -2.0086902470620087     
          84  -2.0119602243711188     
          85  -2.0152123663709172     
          86  -2.0184541686781534     
          87  -2.0216793281527301     
          88  -2.0248917273816902     
          89  -2.0280967489414090     
          90  -2.0312818411423530     
          91  -2.0344664272229513     
          92  -2.0376372221792196     
          93  -2.0407857156967379     
          94  -2.0439517602400263     
          95  -2.0470762354808913     
          96  -2.0501938063801082     
          97  -2.0533160056865376     
          98  -2.0563789553987686     
          99  -2.0594586765526448     
         100  -2.0624791235938820     
         101  -2.0654295503075586     
