  VMEC2000 V8.51
     MN       GMNC         GMNS           BMNC          BMNS
     1   -8.3479E-03    0.0000E+00    9.3942E-01    0.0000E+00
     2   -1.2903E-03    0.0000E+00    2.6868E-02    0.0000E+00
     3   -2.4269E-06    0.0000E+00   -2.1526E-02    0.0000E+00
     4   -1.6520E-05    0.0000E+00   -6.9476E-03    0.0000E+00
     5    1.4511E-06    0.0000E+00    5.5948E-04    0.0000E+00
     6   -1.2716E-05    0.0000E+00   -1.9907E-03    0.0000E+00
     7    1.0142E-05    0.0000E+00    1.2923E-03    0.0000E+00
     8   -3.2567E-06    0.0000E+00   -1.7187E-04    0.0000E+00
     9    1.2191E-06    0.0000E+00    2.5781E-04    0.0000E+00
    10   -2.2414E-06    0.0000E+00   -5.9054E-05    0.0000E+00
    11    3.8681E-06    0.0000E+00    2.5958E-04    0.0000E+00
    12    4.8444E-06    0.0000E+00    4.2761E-04    0.0000E+00
    13   -2.4522E-06    0.0000E+00   -1.0560E-04    0.0000E+00
    14   -1.7227E-06    0.0000E+00   -2.4569E-04    0.0000E+00
    15    2.2718E-06    0.0000E+00    2.5895E-04    0.0000E+00
    16    1.9503E-06    0.0000E+00    2.0277E-04    0.0000E+00
    17    5.5089E-07    0.0000E+00    1.0165E-04    0.0000E+00
    18    5.8897E-08    0.0000E+00    6.0254E-05    0.0000E+00
    19   -7.9606E-08    0.0000E+00   -2.3361E-05    0.0000E+00
    20   -1.3064E-09    0.0000E+00    1.1547E-04    0.0000E+00
    21    2.5160E-07    0.0000E+00    1.3721E-05    0.0000E+00
    22   -1.2373E-07    0.0000E+00    7.2102E-05    0.0000E+00
    23    7.3479E-07    0.0000E+00    1.7248E-04    0.0000E+00
    24    3.2494E-06    0.0000E+00    5.5342E-04    0.0000E+00
    25   -4.1562E-06    0.0000E+00   -7.3067E-04    0.0000E+00
    26    3.1139E-06    0.0000E+00    1.4399E-04    0.0000E+00
    27   -5.3905E-06    0.0000E+00    3.4632E-04    0.0000E+00
    28   -1.6088E-07    0.0000E+00    1.3168E-04    0.0000E+00
    29    7.2279E-06    0.0000E+00    1.2256E-05    0.0000E+00
    30   -1.1289E-05    0.0000E+00   -2.9338E-05    0.0000E+00
    31    8.0230E-06    0.0000E+00   -1.2424E-06    0.0000E+00
    32   -7.0295E-06    0.0000E+00   -1.4222E-05    0.0000E+00
    33   -3.6165E-06    0.0000E+00    2.1017E-05    0.0000E+00
    34    1.9031E-06    0.0000E+00    8.0692E-06    0.0000E+00
    35   -1.3348E-05    0.0000E+00   -3.1712E-05    0.0000E+00
    36    1.4218E-06    0.0000E+00   -4.0055E-04    0.0000E+00
    37   -1.2558E-05    0.0000E+00   -1.0221E-03    0.0000E+00
    38   -1.1011E-05    0.0000E+00   -9.8945E-04    0.0000E+00
    39    1.2407E-07    0.0000E+00    2.9818E-04    0.0000E+00
    40   -5.8386E-06    0.0000E+00    9.0754E-04    0.0000E+00
    41   -2.9609E-05    0.0000E+00   -3.8007E-04    0.0000E+00
    42    2.1791E-05    0.0000E+00   -3.3265E-05    0.0000E+00
    43   -2.4813E-05    0.0000E+00   -2.0104E-04    0.0000E+00
    44   -4.2593E-05    0.0000E+00   -2.3528E-04    0.0000E+00
    45    2.3851E-05    0.0000E+00    5.8362E-04    0.0000E+00
    46   -2.3774E-05    0.0000E+00   -1.0549E-03    0.0000E+00
    47    7.6265E-05    0.0000E+00    3.7985E-04    0.0000E+00
    48   -8.6460E-05    0.0000E+00   -3.1452E-03    0.0000E+00
    49    4.0051E-04    0.0000E+00   -1.1833E-03    0.0000E+00
    50    9.1236E-05    0.0000E+00    1.4975E-02    0.0000E+00
    51   -4.7036E-04    0.0000E+00   -8.8570E-02    0.0000E+00
    52   -1.9590E-04    0.0000E+00   -1.2614E-02    0.0000E+00
    53    1.1446E-05    0.0000E+00    1.8086E-03    0.0000E+00
    54   -4.0184E-05    0.0000E+00    2.6407E-04    0.0000E+00
    55   -1.7858E-05    0.0000E+00   -7.1132E-04    0.0000E+00
    56    2.3174E-05    0.0000E+00    1.5338E-04    0.0000E+00
    57   -5.5370E-05    0.0000E+00    6.9144E-05    0.0000E+00
    58   -2.0057E-06    0.0000E+00   -9.4163E-05    0.0000E+00
    59    5.8235E-06    0.0000E+00    1.8123E-04    0.0000E+00
    60   -1.4540E-05    0.0000E+00   -3.5802E-04    0.0000E+00
    61   -9.3016E-06    0.0000E+00    1.6675E-04    0.0000E+00
    62    7.5502E-06    0.0000E+00   -3.9996E-05    0.0000E+00
    63   -1.0603E-05    0.0000E+00    5.3282E-06    0.0000E+00
    64    7.0218E-06    0.0000E+00    4.2920E-04    0.0000E+00
    65   -1.2572E-06    0.0000E+00    3.1955E-04    0.0000E+00
    66   -8.6867E-06    0.0000E+00    8.3727E-05    0.0000E+00
    67    3.9993E-06    0.0000E+00   -3.9324E-06    0.0000E+00
    68   -9.6528E-06    0.0000E+00   -2.8769E-06    0.0000E+00
    69    3.4314E-06    0.0000E+00   -5.9968E-06    0.0000E+00
    70   -8.7842E-06    0.0000E+00   -1.4736E-05    0.0000E+00
    71   -9.5301E-06    0.0000E+00    3.9274E-05    0.0000E+00
    72   -1.2682E-06    0.0000E+00    5.4435E-05    0.0000E+00
    73   -4.2062E-06    0.0000E+00   -3.6616E-04    0.0000E+00
    74   -2.6550E-05    0.0000E+00   -1.1758E-03    0.0000E+00
    75    2.3939E-06    0.0000E+00    5.0508E-04    0.0000E+00
    76   -6.3182E-07    0.0000E+00   -1.8017E-04    0.0000E+00
    77   -6.9532E-07    0.0000E+00   -1.1071E-04    0.0000E+00
    78   -1.7596E-06    0.0000E+00   -1.0801E-04    0.0000E+00
    79    1.4039E-06    0.0000E+00    4.5508E-05    0.0000E+00
    80    3.9908E-07    0.0000E+00   -9.4647E-05    0.0000E+00
    81   -1.0256E-06    0.0000E+00    5.4483E-05    0.0000E+00
    82    2.0642E-06    0.0000E+00   -3.9008E-05    0.0000E+00
    83   -6.9611E-08    0.0000E+00   -3.6132E-06    0.0000E+00
    84    2.4092E-06    0.0000E+00    1.4356E-05    0.0000E+00
    85    7.8891E-07    0.0000E+00   -2.4347E-04    0.0000E+00
    86   -3.4374E-06    0.0000E+00   -6.4154E-04    0.0000E+00
    87   -6.9016E-06    0.0000E+00   -1.1837E-03    0.0000E+00
    88   -9.0489E-06    0.0000E+00   -7.1727E-04    0.0000E+00
    89    1.3500E-06    0.0000E+00    8.2123E-04    0.0000E+00
    90    1.5264E-05    0.0000E+00    8.5569E-04    0.0000E+00
    91   -5.5118E-06    0.0000E+00   -1.2718E-03    0.0000E+00
    92   -3.0891E-06    0.0000E+00    5.9609E-04    0.0000E+00
    93    1.0476E-05    0.0000E+00   -6.3624E-04    0.0000E+00
    94    4.8088E-06    0.0000E+00   -1.2869E-04    0.0000E+00
    95   -3.9429E-06    0.0000E+00    2.4168E-04    0.0000E+00
    96   -9.6244E-06    0.0000E+00   -6.4959E-04    0.0000E+00
    97   -6.0298E-06    0.0000E+00    5.5725E-04    0.0000E+00
    98   -2.7328E-05    0.0000E+00    1.9881E-04    0.0000E+00
    99   -1.2456E-04    0.0000E+00    2.8747E-03    0.0000E+00
   100   -1.9318E-04    0.0000E+00   -1.8325E-03    0.0000E+00
   101    5.6225E-05    0.0000E+00    4.0826E-03    0.0000E+00
   102    1.4186E-05    0.0000E+00   -4.3805E-04    0.0000E+00
   103   -3.0460E-06    0.0000E+00    1.9185E-04    0.0000E+00
   104    1.0694E-05    0.0000E+00    4.0379E-05    0.0000E+00
   105   -6.2075E-06    0.0000E+00   -8.3112E-05    0.0000E+00
   106    8.5922E-06    0.0000E+00    4.7277E-04    0.0000E+00
   107    7.2942E-06    0.0000E+00   -5.0232E-04    0.0000E+00
   108   -8.6031E-07    0.0000E+00    1.9475E-04    0.0000E+00
   109   -3.1890E-06    0.0000E+00   -3.1990E-04    0.0000E+00
   110    6.3250E-06    0.0000E+00    1.7318E-04    0.0000E+00
   111    5.9341E-07    0.0000E+00   -1.0294E-04    0.0000E+00
   112   -2.1942E-07    0.0000E+00    1.9701E-04    0.0000E+00
   113    1.3051E-06    0.0000E+00   -1.1086E-04    0.0000E+00
   114   -2.4085E-06    0.0000E+00   -3.0816E-04    0.0000E+00
   115   -2.1849E-07    0.0000E+00   -3.4206E-04    0.0000E+00
   116   -8.5822E-07    0.0000E+00   -1.5168E-04    0.0000E+00
   117    7.6325E-07    0.0000E+00    1.4335E-05    0.0000E+00
   118    5.0445E-07    0.0000E+00   -3.3125E-05    0.0000E+00
   119   -1.2362E-07    0.0000E+00    4.4110E-05    0.0000E+00
   120    3.2322E-06    0.0000E+00   -8.0536E-05    0.0000E+00
   121    1.2208E-06    0.0000E+00   -1.2399E-04    0.0000E+00
   122   -3.1688E-06    0.0000E+00   -2.1658E-04    0.0000E+00
   123    1.6720E-06    0.0000E+00    5.8311E-04    0.0000E+00
   124   -3.6600E-07    0.0000E+00    1.8018E-04    0.0000E+00
   125   -1.0146E-06    0.0000E+00   -1.8467E-04    0.0000E+00
   126   -1.8901E-06    0.0000E+00   -2.0594E-05    0.0000E+00
   127   -1.2012E-07    0.0000E+00    3.2133E-06    0.0000E+00
   128   -1.1631E-06    0.0000E+00    2.5391E-06    0.0000E+00
   129   -6.8007E-07    0.0000E+00   -2.4954E-05    0.0000E+00
   130    2.9782E-07    0.0000E+00    8.4971E-06    0.0000E+00
   131   -5.1780E-07    0.0000E+00   -1.0289E-05    0.0000E+00
   132   -9.0148E-08    0.0000E+00    1.5298E-05    0.0000E+00
   133   -8.4326E-08    0.0000E+00    1.4041E-05    0.0000E+00
   134   -7.3381E-07    0.0000E+00    2.5704E-06    0.0000E+00
   135    4.0046E-07    0.0000E+00   -9.9177E-05    0.0000E+00
   136   -2.7100E-06    0.0000E+00   -4.0449E-04    0.0000E+00
   137   -4.6370E-06    0.0000E+00   -5.8278E-04    0.0000E+00
   138   -3.0133E-06    0.0000E+00   -2.2866E-04    0.0000E+00
   139    2.6601E-06    0.0000E+00    7.5970E-04    0.0000E+00
   140    1.0756E-06    0.0000E+00    1.2136E-04    0.0000E+00
   141   -1.6855E-06    0.0000E+00   -5.1821E-04    0.0000E+00
   142    1.0744E-06    0.0000E+00    3.1267E-04    0.0000E+00
   143   -8.5448E-06    0.0000E+00   -4.1586E-04    0.0000E+00
   144    9.5648E-07    0.0000E+00    2.4649E-04    0.0000E+00
   145    1.8178E-05    0.0000E+00   -1.3511E-04    0.0000E+00
   146   -2.2535E-05    0.0000E+00   -2.2095E-05    0.0000E+00
   147    1.6226E-05    0.0000E+00   -1.1496E-04    0.0000E+00
   148    9.6730E-06    0.0000E+00   -1.7201E-03    0.0000E+00
   149   -3.0644E-05    0.0000E+00    3.6209E-04    0.0000E+00
   150   -2.7226E-04    0.0000E+00   -3.4711E-03    0.0000E+00
   151   -3.5086E-05    0.0000E+00    1.7800E-03    0.0000E+00
   152    3.3368E-06    0.0000E+00    4.0125E-04    0.0000E+00
   153   -2.4373E-06    0.0000E+00   -2.1852E-04    0.0000E+00
   154   -3.0767E-08    0.0000E+00    1.8653E-06    0.0000E+00
   155    9.9272E-07    0.0000E+00    4.9244E-06    0.0000E+00
   156   -3.5412E-06    0.0000E+00   -6.8060E-05    0.0000E+00
   157   -4.3537E-07    0.0000E+00    1.1409E-04    0.0000E+00
   158    2.7094E-08    0.0000E+00   -4.1177E-05    0.0000E+00
   159   -7.6003E-07    0.0000E+00   -5.0109E-05    0.0000E+00
   160   -2.7075E-07    0.0000E+00    1.5068E-04    0.0000E+00
   161   -5.4102E-07    0.0000E+00   -6.9174E-05    0.0000E+00
   162   -6.6459E-07    0.0000E+00   -1.3841E-04    0.0000E+00
   163    2.0142E-07    0.0000E+00    1.1985E-04    0.0000E+00
   164    1.1348E-07    0.0000E+00    2.3767E-04    0.0000E+00
   165    5.9387E-07    0.0000E+00    1.7942E-04    0.0000E+00
   166    5.6567E-07    0.0000E+00    5.2941E-05    0.0000E+00
   167   -5.5940E-07    0.0000E+00   -1.0158E-05    0.0000E+00
   168    7.4732E-07    0.0000E+00    5.9295E-06    0.0000E+00
   169   -7.6035E-07    0.0000E+00   -2.9292E-05    0.0000E+00
   170   -1.5801E-07    0.0000E+00    7.7442E-05    0.0000E+00
   171    1.4043E-06    0.0000E+00    1.3807E-04    0.0000E+00
   172    1.6267E-06    0.0000E+00    3.0915E-04    0.0000E+00
   173    2.0134E-08    0.0000E+00   -2.9544E-04    0.0000E+00
   174    2.5391E-06    0.0000E+00    7.9803E-05    0.0000E+00
   175    6.6943E-07    0.0000E+00    5.8583E-05    0.0000E+00
   176    2.0740E-06    0.0000E+00    6.4550E-06    0.0000E+00
   177    1.9816E-06    0.0000E+00    8.7690E-06    0.0000E+00
   178   -8.2066E-08    0.0000E+00    2.9099E-05    0.0000E+00
   179   -1.2775E-07    0.0000E+00   -1.5659E-05    0.0000E+00
   180    1.9849E-07    0.0000E+00    3.9485E-06    0.0000E+00
   181   -5.2542E-07    0.0000E+00   -1.2267E-05    0.0000E+00
   182   -1.6727E-09    0.0000E+00    9.5627E-06    0.0000E+00
   183   -5.8396E-07    0.0000E+00    1.4290E-05    0.0000E+00
   184   -2.4032E-07    0.0000E+00    2.2669E-05    0.0000E+00
   185   -4.3187E-07    0.0000E+00   -3.4473E-05    0.0000E+00
   186   -2.0307E-06    0.0000E+00   -1.8080E-04    0.0000E+00
   187   -1.5138E-06    0.0000E+00   -2.6464E-04    0.0000E+00
   188    3.2664E-07    0.0000E+00    1.7506E-05    0.0000E+00
   189    7.3500E-07    0.0000E+00    3.9778E-04    0.0000E+00
   190   -2.5868E-06    0.0000E+00   -2.8938E-04    0.0000E+00
   191    1.5509E-06    0.0000E+00   -1.9504E-05    0.0000E+00
   192   -1.4923E-06    0.0000E+00    5.5729E-05    0.0000E+00
   193   -3.7212E-06    0.0000E+00   -1.8102E-04    0.0000E+00
   194    8.5779E-07    0.0000E+00    1.1883E-04    0.0000E+00
   195   -2.8407E-05    0.0000E+00   -4.7380E-05    0.0000E+00
   196    6.2880E-05    0.0000E+00    9.5048E-05    0.0000E+00
   197   -2.0474E-05    0.0000E+00    1.1520E-04    0.0000E+00
   198    4.6404E-05    0.0000E+00    5.1536E-04    0.0000E+00
   199    1.1723E-04    0.0000E+00    3.9393E-04    0.0000E+00
   200    7.1791E-05    0.0000E+00   -2.3149E-04    0.0000E+00
   201    1.7498E-05    0.0000E+00    3.4818E-05    0.0000E+00
   202   -8.4552E-06    0.0000E+00   -1.7662E-04    0.0000E+00
   203   -5.8394E-06    0.0000E+00   -2.5583E-05    0.0000E+00
   204    5.4754E-07    0.0000E+00   -5.9930E-05    0.0000E+00
   205   -4.7033E-07    0.0000E+00    7.1339E-05    0.0000E+00
   206   -2.6159E-06    0.0000E+00   -9.3509E-05    0.0000E+00
   207    9.5481E-07    0.0000E+00    3.4117E-05    0.0000E+00
   208   -8.6764E-07    0.0000E+00   -1.0299E-05    0.0000E+00
   209   -1.0546E-06    0.0000E+00    2.2455E-05    0.0000E+00
   210    1.0800E-07    0.0000E+00   -1.1879E-04    0.0000E+00
   211    1.8452E-07    0.0000E+00    8.7297E-05    0.0000E+00
   212   -1.4771E-07    0.0000E+00    1.4600E-05    0.0000E+00
   213    1.1785E-07    0.0000E+00   -1.2024E-04    0.0000E+00
   214   -4.7301E-07    0.0000E+00   -1.5355E-04    0.0000E+00
   215   -2.2271E-07    0.0000E+00   -7.0752E-05    0.0000E+00
   216   -4.6870E-07    0.0000E+00   -2.1870E-06    0.0000E+00
   217   -4.0891E-08    0.0000E+00   -1.4922E-05    0.0000E+00
   218   -1.2125E-07    0.0000E+00    2.0649E-05    0.0000E+00
   219   -7.0515E-07    0.0000E+00    8.7276E-06    0.0000E+00
   220   -1.2523E-06    0.0000E+00   -8.4598E-05    0.0000E+00
   221   -9.5468E-08    0.0000E+00   -1.0813E-04    0.0000E+00
   222   -7.0341E-07    0.0000E+00   -1.1455E-04    0.0000E+00
   223    5.7214E-07    0.0000E+00    1.8231E-04    0.0000E+00
   224    1.2906E-07    0.0000E+00   -4.8242E-05    0.0000E+00
   225    1.4061E-06    0.0000E+00    6.9211E-07    0.0000E+00
   226   -5.2267E-07    0.0000E+00    8.4663E-06    0.0000E+00
   227    2.8398E-07    0.0000E+00    2.1183E-06    0.0000E+00
   228    8.4411E-07    0.0000E+00    6.8090E-06    0.0000E+00
   229   -3.6905E-07    0.0000E+00   -4.5251E-06    0.0000E+00
   230    4.2903E-07    0.0000E+00   -4.6540E-06    0.0000E+00
   231    4.0561E-07    0.0000E+00    2.6609E-06    0.0000E+00
   232    4.2894E-07    0.0000E+00    7.0567E-06    0.0000E+00
   233    9.8041E-07    0.0000E+00    5.4835E-06    0.0000E+00
   234   -2.2286E-08    0.0000E+00    1.4205E-05    0.0000E+00
   235    2.8996E-07    0.0000E+00   -2.4516E-05    0.0000E+00
   236    6.7813E-07    0.0000E+00   -8.4283E-05    0.0000E+00
   237   -2.0284E-06    0.0000E+00   -9.6662E-05    0.0000E+00
   238    8.3295E-07    0.0000E+00    6.4774E-05    0.0000E+00
   239    4.8186E-06    0.0000E+00    1.3107E-04    0.0000E+00
   240   -2.7928E-06    0.0000E+00   -2.1579E-04    0.0000E+00
   241   -9.3768E-08    0.0000E+00    9.3677E-05    0.0000E+00
   242    2.9767E-06    0.0000E+00   -7.1848E-06    0.0000E+00
   243    1.5814E-05    0.0000E+00   -1.8751E-05    0.0000E+00
   244   -2.3837E-05    0.0000E+00   -4.8871E-05    0.0000E+00
   245    1.4985E-05    0.0000E+00   -1.0079E-06    0.0000E+00
   246   -5.0439E-05    0.0000E+00    6.5289E-05    0.0000E+00
   247    2.1643E-05    0.0000E+00    7.7414E-05    0.0000E+00
   248    5.0885E-05    0.0000E+00   -2.1655E-04    0.0000E+00
   249   -2.7572E-06    0.0000E+00   -1.0938E-04    0.0000E+00
   250    7.8369E-06    0.0000E+00    2.5393E-04    0.0000E+00
   251    6.2904E-06    0.0000E+00   -2.6366E-05    0.0000E+00
   252    5.7631E-06    0.0000E+00   -1.0933E-05    0.0000E+00
   253    2.2652E-06    0.0000E+00   -8.4505E-06    0.0000E+00
   254    1.1231E-07    0.0000E+00    2.2972E-05    0.0000E+00
   255    1.3666E-06    0.0000E+00   -3.4520E-06    0.0000E+00
   256    1.8570E-06    0.0000E+00    1.6203E-05    0.0000E+00
   257    1.1837E-06    0.0000E+00   -1.0872E-05    0.0000E+00
   258    1.0201E-06    0.0000E+00   -1.1760E-05    0.0000E+00
   259    2.2967E-07    0.0000E+00    3.4982E-05    0.0000E+00
   260    2.0534E-07    0.0000E+00    2.3337E-05    0.0000E+00
   261    7.4916E-07    0.0000E+00   -2.1492E-05    0.0000E+00
   262    3.6275E-07    0.0000E+00    3.3315E-05    0.0000E+00
   263    5.3872E-07    0.0000E+00    8.0410E-05    0.0000E+00
   264    2.8008E-07    0.0000E+00    6.0969E-05    0.0000E+00
   265    3.7010E-07    0.0000E+00    2.2200E-05    0.0000E+00
   266    8.3874E-07    0.0000E+00   -2.5262E-06    0.0000E+00
   267   -5.1702E-08    0.0000E+00    6.5381E-06    0.0000E+00
   268    3.6729E-07    0.0000E+00    4.2820E-06    0.0000E+00
   269    4.3297E-07    0.0000E+00   -2.0742E-05    0.0000E+00
   270    7.9917E-08    0.0000E+00    7.0284E-05    0.0000E+00
   271    2.8112E-07    0.0000E+00    8.9543E-06    0.0000E+00
   272   -2.0556E-06    0.0000E+00   -3.1570E-05    0.0000E+00
   273   -1.3695E-06    0.0000E+00    7.4953E-05    0.0000E+00
   274   -1.2131E-06    0.0000E+00   -1.2675E-05    0.0000E+00
   275   -3.1264E-06    0.0000E+00   -1.0948E-05    0.0000E+00
   276   -2.1650E-06    0.0000E+00    9.9957E-06    0.0000E+00
   277   -6.2209E-07    0.0000E+00    9.9561E-06    0.0000E+00
   278   -1.1475E-06    0.0000E+00   -9.5555E-06    0.0000E+00
   279   -1.7345E-07    0.0000E+00    1.4600E-06    0.0000E+00
   280   -1.6228E-07    0.0000E+00   -3.2009E-06    0.0000E+00
   281   -7.0415E-07    0.0000E+00    1.0451E-06    0.0000E+00
   282    2.2937E-07    0.0000E+00    1.9444E-07    0.0000E+00
   283   -6.3319E-07    0.0000E+00    5.4100E-06    0.0000E+00
   284   -6.1282E-07    0.0000E+00   -2.8063E-06    0.0000E+00
   285    2.8089E-07    0.0000E+00   -3.2949E-06    0.0000E+00
   286   -1.6577E-06    0.0000E+00   -1.8677E-05    0.0000E+00
   287   -6.4920E-07    0.0000E+00   -3.4247E-05    0.0000E+00
   288    7.8916E-07    0.0000E+00    3.0786E-05    0.0000E+00
   289   -2.8280E-06    0.0000E+00    2.2434E-05    0.0000E+00
   290   -9.6378E-07    0.0000E+00   -7.9141E-05    0.0000E+00
   291   -1.3409E-06    0.0000E+00    3.9393E-05    0.0000E+00
   292   -3.7852E-06    0.0000E+00    6.3527E-07    0.0000E+00
   293   -1.9684E-05    0.0000E+00    6.3282E-06    0.0000E+00
   294    7.4893E-05    0.0000E+00    1.7343E-05    0.0000E+00
   295   -4.3807E-05    0.0000E+00   -3.8650E-05    0.0000E+00
   296   -5.9709E-05    0.0000E+00   -1.4017E-04    0.0000E+00
   297   -3.2551E-05    0.0000E+00    7.0161E-05    0.0000E+00
   298    1.2149E-05    0.0000E+00    1.6335E-04    0.0000E+00
   299   -8.8609E-06    0.0000E+00   -4.3566E-05    0.0000E+00
   300   -1.6004E-05    0.0000E+00    1.8722E-05    0.0000E+00
   301   -2.5268E-06    0.0000E+00    7.6083E-06    0.0000E+00
   302    2.2931E-07    0.0000E+00    7.1963E-06    0.0000E+00
   303   -3.1747E-06    0.0000E+00    9.4371E-06    0.0000E+00
   304    4.4332E-07    0.0000E+00    3.0709E-06    0.0000E+00
   305   -8.0378E-07    0.0000E+00   -1.3040E-05    0.0000E+00
   306   -4.0652E-06    0.0000E+00    9.0107E-06    0.0000E+00
   307   -1.0004E-06    0.0000E+00    8.7038E-06    0.0000E+00
   308    6.8156E-08    0.0000E+00   -3.5436E-06    0.0000E+00
   309   -1.2084E-06    0.0000E+00   -2.1268E-05    0.0000E+00
   310   -7.5446E-08    0.0000E+00   -4.2557E-07    0.0000E+00
   311   -8.2179E-07    0.0000E+00   -7.8123E-06    0.0000E+00
   312   -8.4376E-07    0.0000E+00   -2.8144E-05    0.0000E+00
   313   -2.6743E-07    0.0000E+00   -3.6376E-05    0.0000E+00
   314   -1.0172E-06    0.0000E+00   -2.2306E-05    0.0000E+00
   315   -5.1022E-07    0.0000E+00    7.5220E-06    0.0000E+00
   316   -9.6078E-07    0.0000E+00   -1.5025E-05    0.0000E+00
   317    3.4957E-07    0.0000E+00    8.2335E-06    0.0000E+00
   318   -2.1727E-08    0.0000E+00   -1.4545E-05    0.0000E+00
   319   -3.5506E-07    0.0000E+00   -1.4099E-05    0.0000E+00
   320   -1.7065E-06    0.0000E+00    2.4472E-06    0.0000E+00
   321    2.9736E-07    0.0000E+00    2.0172E-05    0.0000E+00
   322    3.3567E-07    0.0000E+00   -3.5449E-05    0.0000E+00
   323   -3.5574E-07    0.0000E+00   -2.6986E-05    0.0000E+00
   324   -2.6643E-07    0.0000E+00    9.5444E-06    0.0000E+00
   325    8.9518E-07    0.0000E+00   -2.6238E-05    0.0000E+00
   326    7.3042E-07    0.0000E+00   -6.7488E-06    0.0000E+00
   327   -6.2454E-07    0.0000E+00    7.1325E-06    0.0000E+00
   328    8.8192E-07    0.0000E+00   -7.4216E-06    0.0000E+00
   329   -1.4594E-07    0.0000E+00    2.6560E-06    0.0000E+00
   330   -5.7759E-07    0.0000E+00    1.6560E-06    0.0000E+00
   331    1.4825E-07    0.0000E+00   -1.9248E-06    0.0000E+00
   332   -8.8496E-07    0.0000E+00    1.0894E-06    0.0000E+00
   333    2.4836E-07    0.0000E+00    4.6357E-06    0.0000E+00
   334    1.1417E-06    0.0000E+00    2.7763E-06    0.0000E+00
   335   -2.6087E-06    0.0000E+00   -2.2817E-08    0.0000E+00
   336   -8.6461E-07    0.0000E+00   -6.6570E-06    0.0000E+00
   337    3.3883E-06    0.0000E+00   -8.5408E-07    0.0000E+00
   338   -1.1002E-06    0.0000E+00    6.0777E-06    0.0000E+00
   339   -2.2288E-06    0.0000E+00   -1.1840E-05    0.0000E+00
   340    2.1999E-06    0.0000E+00   -1.1258E-05    0.0000E+00
   341    6.1056E-06    0.0000E+00    7.1328E-06    0.0000E+00
   342   -1.6262E-05    0.0000E+00   -3.2728E-05    0.0000E+00
   343    1.1751E-05    0.0000E+00    3.0653E-05    0.0000E+00
   344   -4.5474E-05    0.0000E+00    6.3211E-05    0.0000E+00
   345    7.5925E-05    0.0000E+00   -7.6205E-05    0.0000E+00
   346    1.1642E-04    0.0000E+00   -5.1179E-05    0.0000E+00
   347    1.9064E-05    0.0000E+00   -9.2087E-05    0.0000E+00
   348    5.5307E-06    0.0000E+00    3.0993E-05    0.0000E+00
   349    2.2901E-05    0.0000E+00    1.5113E-05    0.0000E+00
   350    1.0169E-05    0.0000E+00   -2.0257E-05    0.0000E+00
   351   -1.5680E-06    0.0000E+00   -3.9227E-06    0.0000E+00
   352   -3.9757E-06    0.0000E+00   -1.0459E-05    0.0000E+00
   353   -1.4344E-06    0.0000E+00   -4.1470E-06    0.0000E+00
   354    1.2021E-06    0.0000E+00    5.5990E-07    0.0000E+00
   355    1.0411E-06    0.0000E+00    5.6526E-07    0.0000E+00
   356    1.3988E-07    0.0000E+00   -1.3644E-05    0.0000E+00
   357   -7.6879E-07    0.0000E+00   -3.8843E-06    0.0000E+00
   358    2.2507E-07    0.0000E+00    6.1004E-06    0.0000E+00
   359    1.1073E-06    0.0000E+00    4.0464E-06    0.0000E+00
   360   -1.0094E-06    0.0000E+00   -2.2451E-07    0.0000E+00
   361   -2.3340E-07    0.0000E+00    1.1435E-05    0.0000E+00
   362   -1.8876E-07    0.0000E+00    1.9189E-05    0.0000E+00
   363    1.2965E-08    0.0000E+00    1.7575E-06    0.0000E+00
   364    9.2169E-07    0.0000E+00    5.6165E-06    0.0000E+00
   365   -1.8060E-07    0.0000E+00   -1.2228E-06    0.0000E+00
   366   -2.0817E-07    0.0000E+00    1.8970E-05    0.0000E+00
   367   -1.0299E-06    0.0000E+00   -2.5072E-05    0.0000E+00
   368    9.7642E-08    0.0000E+00   -9.7246E-06    0.0000E+00
   369    1.2996E-06    0.0000E+00   -1.4375E-05    0.0000E+00
   370    1.9007E-06    0.0000E+00    3.2692E-05    0.0000E+00
   371   -1.5475E-06    0.0000E+00   -1.9305E-05    0.0000E+00
   372    6.8110E-07    0.0000E+00   -7.5616E-05    0.0000E+00
   373    8.1875E-07    0.0000E+00   -6.0563E-05    0.0000E+00
   374    2.1002E-06    0.0000E+00   -7.0732E-06    0.0000E+00
   375    3.0375E-06    0.0000E+00    2.0529E-06    0.0000E+00
   376    6.2868E-07    0.0000E+00   -4.8663E-06    0.0000E+00
   377    1.8615E-06    0.0000E+00   -1.5193E-06    0.0000E+00
   378    9.5333E-07    0.0000E+00    3.3005E-06    0.0000E+00
   379    2.2314E-08    0.0000E+00   -4.4480E-06    0.0000E+00
   380    2.3974E-06    0.0000E+00    2.8281E-06    0.0000E+00
   381    1.7866E-07    0.0000E+00   -2.1561E-06    0.0000E+00
   382    1.4590E-06    0.0000E+00   -8.4964E-07    0.0000E+00
   383    6.9842E-07    0.0000E+00    1.1882E-06    0.0000E+00
   384   -8.8675E-07    0.0000E+00    4.3182E-06    0.0000E+00
   385    2.8937E-06    0.0000E+00   -3.1959E-06    0.0000E+00
   386    3.6600E-06    0.0000E+00    3.0304E-06    0.0000E+00
   387   -2.6474E-06    0.0000E+00   -7.5671E-07    0.0000E+00
   388    3.4927E-06    0.0000E+00    2.0072E-06    0.0000E+00
   389    7.7081E-06    0.0000E+00   -4.4024E-06    0.0000E+00
   390   -9.0588E-07    0.0000E+00    8.2199E-06    0.0000E+00
   391    4.0988E-07    0.0000E+00    5.5726E-07    0.0000E+00
   392    4.8007E-05    0.0000E+00    9.1941E-07    0.0000E+00
   393   -8.2267E-05    0.0000E+00   -6.0538E-05    0.0000E+00
   394    2.0401E-06    0.0000E+00    3.9967E-05    0.0000E+00
   395    1.7206E-05    0.0000E+00    1.4730E-04    0.0000E+00
   396    1.1066E-05    0.0000E+00    2.2813E-04    0.0000E+00
   397   -8.3851E-06    0.0000E+00    9.2983E-05    0.0000E+00
   398   -3.1016E-05    0.0000E+00    8.2300E-06    0.0000E+00
   399   -1.4844E-05    0.0000E+00    2.6752E-05    0.0000E+00
   400   -1.5624E-06    0.0000E+00    1.7625E-05    0.0000E+00
   401   -1.9285E-06    0.0000E+00   -6.6878E-06    0.0000E+00
   402    8.7526E-06    0.0000E+00    3.3630E-06    0.0000E+00
   403    4.4713E-06    0.0000E+00   -1.1336E-06    0.0000E+00
   404   -6.8262E-07    0.0000E+00   -2.6299E-06    0.0000E+00
   405    4.2954E-06    0.0000E+00    4.2249E-06    0.0000E+00
   406    4.9301E-06    0.0000E+00    6.9444E-06    0.0000E+00
   407    1.6170E-06    0.0000E+00   -3.3336E-06    0.0000E+00
   408    1.4088E-06    0.0000E+00   -1.5700E-07    0.0000E+00
   409   -5.1769E-07    0.0000E+00    1.4612E-06    0.0000E+00
   410    8.2683E-07    0.0000E+00   -7.4518E-06    0.0000E+00
   411    2.1833E-06    0.0000E+00   -9.8981E-06    0.0000E+00
   412   -2.8215E-07    0.0000E+00   -3.0339E-06    0.0000E+00
   413    1.1774E-06    0.0000E+00   -6.8947E-06    0.0000E+00
   414    2.9347E-07    0.0000E+00    6.6628E-06    0.0000E+00
   415    1.7722E-06    0.0000E+00   -9.2141E-06    0.0000E+00
   416    5.2011E-07    0.0000E+00   -6.8524E-06    0.0000E+00
   417   -3.7397E-07    0.0000E+00    5.2661E-06    0.0000E+00
   418   -1.7376E-06    0.0000E+00   -5.9650E-05    0.0000E+00
   419    1.6706E-06    0.0000E+00    6.8508E-05    0.0000E+00
   420    1.2960E-06    0.0000E+00   -1.1684E-05    0.0000E+00
   421    1.0077E-06    0.0000E+00   -5.6195E-06    0.0000E+00
   422    9.7946E-07    0.0000E+00    3.4843E-05    0.0000E+00
   423    6.5533E-07    0.0000E+00   -2.5061E-06    0.0000E+00
   424   -1.1812E-06    0.0000E+00    3.6727E-06    0.0000E+00
   425   -1.4288E-06    0.0000E+00    8.3335E-06    0.0000E+00
   426    9.6406E-07    0.0000E+00    3.6554E-06    0.0000E+00
   427   -1.3608E-06    0.0000E+00   -1.3741E-06    0.0000E+00
   428   -4.5552E-07    0.0000E+00   -3.4267E-08    0.0000E+00
   429    6.9831E-07    0.0000E+00   -1.2385E-06    0.0000E+00
   430   -1.2958E-06    0.0000E+00   -5.7222E-07    0.0000E+00
   431    8.3462E-07    0.0000E+00    6.2951E-07    0.0000E+00
   432   -2.2103E-07    0.0000E+00    2.1549E-06    0.0000E+00
   433   -2.4111E-06    0.0000E+00   -1.8450E-06    0.0000E+00
   434    1.9332E-06    0.0000E+00    6.3871E-06    0.0000E+00
   435    6.2084E-07    0.0000E+00    8.2451E-07    0.0000E+00
   436   -4.0711E-06    0.0000E+00    1.2857E-06    0.0000E+00
   437   -3.5306E-07    0.0000E+00   -7.2081E-07    0.0000E+00
   438   -1.7237E-06    0.0000E+00    5.9077E-06    0.0000E+00
   439    3.9977E-06    0.0000E+00    3.3093E-06    0.0000E+00
   440   -1.9956E-05    0.0000E+00   -2.3066E-06    0.0000E+00
   441    2.7444E-05    0.0000E+00    3.4351E-05    0.0000E+00
   442   -5.0653E-05    0.0000E+00   -1.5705E-05    0.0000E+00
   443    1.1428E-04    0.0000E+00   -3.8478E-05    0.0000E+00
   444   -1.3112E-05    0.0000E+00   -1.5173E-06    0.0000E+00
   445   -1.9139E-04    0.0000E+00   -6.4407E-05    0.0000E+00
   446   -1.6075E-04    0.0000E+00   -4.9849E-05    0.0000E+00
   447   -5.3576E-05    0.0000E+00   -2.0698E-05    0.0000E+00
   448   -1.0460E-05    0.0000E+00   -3.7020E-05    0.0000E+00
   449   -1.2553E-05    0.0000E+00   -2.0928E-05    0.0000E+00
   450   -6.2673E-06    0.0000E+00   -4.5538E-06    0.0000E+00
   451    1.6026E-06    0.0000E+00    1.4238E-07    0.0000E+00
   452   -6.7691E-07    0.0000E+00    1.1444E-05    0.0000E+00
   453   -2.2888E-06    0.0000E+00    1.5112E-07    0.0000E+00
   454   -1.1777E-06    0.0000E+00    5.4542E-07    0.0000E+00
   455   -2.0108E-06    0.0000E+00    2.8028E-06    0.0000E+00
   456   -6.6595E-07    0.0000E+00    8.9429E-06    0.0000E+00
   457   -2.9907E-07    0.0000E+00    3.4324E-06    0.0000E+00
   458   -1.4082E-06    0.0000E+00   -4.7945E-06    0.0000E+00
   459    1.3813E-07    0.0000E+00   -4.0101E-06    0.0000E+00
   460   -3.9766E-07    0.0000E+00    4.3983E-06    0.0000E+00
   461   -5.2242E-07    0.0000E+00    5.6537E-06    0.0000E+00
   462    1.0427E-06    0.0000E+00   -1.8119E-06    0.0000E+00
   463   -1.1326E-06    0.0000E+00    2.2954E-06    0.0000E+00
   464   -2.5729E-07    0.0000E+00    1.5709E-06    0.0000E+00
   465   -1.0552E-06    0.0000E+00   -6.5902E-06    0.0000E+00
   466    5.8479E-07    0.0000E+00   -1.3264E-05    0.0000E+00
   467   -4.0444E-07    0.0000E+00   -2.6280E-05    0.0000E+00
   468   -9.9864E-07    0.0000E+00   -1.2601E-05    0.0000E+00
   469   -3.0368E-06    0.0000E+00    1.4758E-05    0.0000E+00
   470    1.2048E-07    0.0000E+00   -7.2464E-06    0.0000E+00
   471   -2.8515E-07    0.0000E+00   -4.1385E-07    0.0000E+00
   472    5.1965E-08    0.0000E+00    3.2029E-05    0.0000E+00
   473   -1.2283E-06    0.0000E+00    2.1726E-05    0.0000E+00
   474   -1.3047E-06    0.0000E+00   -8.2627E-06    0.0000E+00
   475    5.6658E-08    0.0000E+00    3.6913E-06    0.0000E+00
   476   -1.3933E-06    0.0000E+00    2.8629E-06    0.0000E+00
   477   -7.8661E-08    0.0000E+00   -2.6580E-06    0.0000E+00
   478   -4.0366E-07    0.0000E+00    2.9728E-06    0.0000E+00
   479   -1.0630E-06    0.0000E+00    4.4648E-07    0.0000E+00
   480   -1.1286E-06    0.0000E+00   -4.1707E-06    0.0000E+00
   481   -1.2843E-06    0.0000E+00    4.2394E-06    0.0000E+00
   482   -4.0721E-07    0.0000E+00   -1.2365E-06    0.0000E+00
   483    3.6041E-06    0.0000E+00    2.7715E-06    0.0000E+00
   484   -3.4264E-06    0.0000E+00    2.4868E-06    0.0000E+00
   485   -4.8895E-06    0.0000E+00   -8.3068E-06    0.0000E+00
   486    2.9037E-06    0.0000E+00    3.5659E-06    0.0000E+00
   487   -2.1086E-06    0.0000E+00   -3.4409E-06    0.0000E+00
   488   -2.0523E-06    0.0000E+00   -4.1994E-07    0.0000E+00
   489   -8.0715E-06    0.0000E+00   -7.7270E-06    0.0000E+00
   490    1.7371E-05    0.0000E+00    5.8039E-06    0.0000E+00
   491   -5.5909E-05    0.0000E+00   -3.6234E-05    0.0000E+00
   492    4.8454E-05    0.0000E+00    6.4831E-05    0.0000E+00
   493    1.9847E-05    0.0000E+00    4.5871E-05    0.0000E+00
   494   -2.7133E-05    0.0000E+00   -6.5393E-05    0.0000E+00
   495    6.1617E-06    0.0000E+00   -1.2295E-04    0.0000E+00
   496    1.3817E-05    0.0000E+00   -1.1918E-04    0.0000E+00
   497    1.5175E-05    0.0000E+00   -3.3951E-05    0.0000E+00
   498    1.2905E-05    0.0000E+00   -6.5663E-06    0.0000E+00
   499    7.8273E-06    0.0000E+00   -9.0353E-06    0.0000E+00
   500    3.6189E-06    0.0000E+00   -3.3073E-06    0.0000E+00
   501   -3.2619E-06    0.0000E+00   -1.4321E-06    0.0000E+00
   502   -6.6615E-06    0.0000E+00   -4.0265E-06    0.0000E+00
   503   -1.0161E-07    0.0000E+00   -2.5533E-07    0.0000E+00
   504   -6.4051E-07    0.0000E+00   -8.7031E-07    0.0000E+00
   505   -2.1353E-06    0.0000E+00   -2.0110E-06    0.0000E+00
   506   -1.9933E-06    0.0000E+00   -2.3584E-07    0.0000E+00
   507   -1.3552E-06    0.0000E+00   -2.2315E-06    0.0000E+00
   508    4.8147E-07    0.0000E+00   -1.9352E-06    0.0000E+00
   509   -6.4591E-08    0.0000E+00    5.2779E-07    0.0000E+00
   510   -6.6673E-07    0.0000E+00   -4.4996E-06    0.0000E+00
   511   -9.6139E-07    0.0000E+00    4.0664E-06    0.0000E+00
   512   -3.8567E-07    0.0000E+00   -6.5397E-06    0.0000E+00
   513    1.1461E-07    0.0000E+00    7.6836E-06    0.0000E+00
   514   -1.7533E-06    0.0000E+00   -9.8990E-06    0.0000E+00
   515   -1.2036E-06    0.0000E+00    1.5355E-05    0.0000E+00
   516   -1.8171E-07    0.0000E+00    1.4846E-05    0.0000E+00
   517    2.2309E-06    0.0000E+00   -1.5341E-06    0.0000E+00
   518    5.3122E-07    0.0000E+00   -1.8910E-06    0.0000E+00
   519   -1.4480E-07    0.0000E+00    3.2048E-06    0.0000E+00
   520   -1.8103E-06    0.0000E+00    1.9047E-05    0.0000E+00
   521   -1.3250E-06    0.0000E+00   -1.0182E-05    0.0000E+00
   522   -1.2842E-06    0.0000E+00   -4.6082E-06    0.0000E+00
   523    5.1710E-07    0.0000E+00    5.8704E-06    0.0000E+00
   524    1.8157E-06    0.0000E+00    4.1626E-07    0.0000E+00
   525   -1.2284E-06    0.0000E+00    3.4457E-07    0.0000E+00
   526    3.7006E-07    0.0000E+00    5.5476E-07    0.0000E+00
   527    3.6561E-07    0.0000E+00   -3.0650E-06    0.0000E+00
   528   -8.9027E-07    0.0000E+00    6.8476E-07    0.0000E+00
   529    7.0788E-07    0.0000E+00    2.3318E-06    0.0000E+00
   530   -5.5123E-08    0.0000E+00   -3.2007E-06    0.0000E+00
   531    3.0971E-07    0.0000E+00   -2.5154E-07    0.0000E+00
   532    1.7176E-06    0.0000E+00   -1.7537E-07    0.0000E+00
   533   -1.4568E-06    0.0000E+00   -2.4076E-07    0.0000E+00
   534   -6.4452E-07    0.0000E+00   -2.9281E-06    0.0000E+00
   535    2.6965E-06    0.0000E+00    3.3614E-06    0.0000E+00
   536   -8.1211E-07    0.0000E+00   -5.4733E-06    0.0000E+00
   537    1.9553E-06    0.0000E+00    6.0183E-06    0.0000E+00
   538   -5.5650E-06    0.0000E+00   -9.4112E-06    0.0000E+00
   539    1.3637E-05    0.0000E+00    2.1548E-05    0.0000E+00
   540   -8.0192E-06    0.0000E+00   -3.9034E-05    0.0000E+00
   541    2.1195E-05    0.0000E+00    2.1555E-05    0.0000E+00
   542   -1.0760E-05    0.0000E+00    9.4180E-07    0.0000E+00
   543   -6.0326E-05    0.0000E+00   -1.9093E-05    0.0000E+00
   544    1.0321E-05    0.0000E+00   -2.5724E-06    0.0000E+00
   545    6.7080E-05    0.0000E+00    1.2786E-05    0.0000E+00
   546    4.6909E-05    0.0000E+00    1.1732E-05    0.0000E+00
   547    8.3829E-06    0.0000E+00   -7.7397E-07    0.0000E+00
   548    3.0813E-06    0.0000E+00    7.2321E-06    0.0000E+00
   549    6.0021E-06    0.0000E+00    8.4310E-06    0.0000E+00
   550   -2.7972E-07    0.0000E+00   -1.9072E-06    0.0000E+00
   551    9.6671E-07    0.0000E+00    2.9519E-06    0.0000E+00
   552    2.7791E-06    0.0000E+00   -4.4777E-07    0.0000E+00
   553   -2.0476E-07    0.0000E+00   -1.1937E-06    0.0000E+00
   554    4.1568E-07    0.0000E+00    1.3580E-06    0.0000E+00
   555    9.2947E-07    0.0000E+00    2.4663E-06    0.0000E+00
   556   -2.1467E-07    0.0000E+00   -3.5328E-06    0.0000E+00
   557    1.4384E-06    0.0000E+00    1.4744E-06    0.0000E+00
   558    2.5580E-07    0.0000E+00    5.7112E-06    0.0000E+00
   559    8.1281E-08    0.0000E+00   -9.6908E-08    0.0000E+00
   560    1.1216E-06    0.0000E+00    3.8016E-06    0.0000E+00
   561   -4.9958E-07    0.0000E+00    1.6184E-07    0.0000E+00
   562    4.4079E-07    0.0000E+00    6.6830E-06    0.0000E+00
   563   -3.7688E-07    0.0000E+00   -1.2077E-05    0.0000E+00
   564    3.6681E-07    0.0000E+00   -1.4081E-05    0.0000E+00
   565   -8.8193E-07    0.0000E+00   -1.8983E-05    0.0000E+00
   566    5.2947E-07    0.0000E+00    2.2652E-05    0.0000E+00
   567   -2.8236E-06    0.0000E+00   -1.7196E-05    0.0000E+00
   568    1.9459E-06    0.0000E+00   -2.3139E-05    0.0000E+00
   569    2.0064E-06    0.0000E+00    2.1149E-05    0.0000E+00
   570    1.1901E-07    0.0000E+00    3.7059E-05    0.0000E+00
   571    1.1566E-06    0.0000E+00    9.5028E-06    0.0000E+00
   572    7.9007E-08    0.0000E+00   -7.2559E-06    0.0000E+00
   573   -2.9364E-07    0.0000E+00   -1.7688E-06    0.0000E+00
   574   -6.5523E-07    0.0000E+00    1.5277E-06    0.0000E+00
   575    1.8334E-07    0.0000E+00    1.2976E-06    0.0000E+00
   576   -1.1330E-07    0.0000E+00    7.6640E-08    0.0000E+00
   577   -5.2534E-07    0.0000E+00   -1.7853E-07    0.0000E+00
   578   -8.2903E-07    0.0000E+00    1.2278E-07    0.0000E+00
   579    1.2912E-07    0.0000E+00    2.7498E-06    0.0000E+00
   580    6.2235E-07    0.0000E+00   -3.1786E-08    0.0000E+00
   581   -4.6566E-07    0.0000E+00   -1.7506E-06    0.0000E+00
   582   -9.3217E-07    0.0000E+00   -4.2810E-06    0.0000E+00
   583   -2.2363E-06    0.0000E+00   -2.2056E-06    0.0000E+00
   584    5.2309E-07    0.0000E+00    4.8147E-06    0.0000E+00
   585    1.7310E-06    0.0000E+00   -3.5199E-06    0.0000E+00
   586   -2.4729E-06    0.0000E+00    2.9685E-06    0.0000E+00
   587   -7.3323E-06    0.0000E+00   -5.2321E-06    0.0000E+00
   588    5.3466E-06    0.0000E+00    1.3846E-07    0.0000E+00
   589   -1.7189E-05    0.0000E+00    3.7346E-06    0.0000E+00
   590    3.1587E-05    0.0000E+00    1.2505E-05    0.0000E+00
   591   -2.3695E-05    0.0000E+00   -1.4978E-05    0.0000E+00
   592    7.2879E-08    0.0000E+00    2.7588E-05    0.0000E+00
   593    4.6297E-05    0.0000E+00   -5.0354E-05    0.0000E+00
   594    2.9691E-05    0.0000E+00   -7.1514E-05    0.0000E+00
   595    6.9512E-06    0.0000E+00   -1.4631E-05    0.0000E+00
   596    1.6031E-06    0.0000E+00    8.2426E-06    0.0000E+00
   597    4.6134E-07    0.0000E+00    6.3586E-07    0.0000E+00
   598   -6.1194E-07    0.0000E+00    1.6861E-06    0.0000E+00
   599   -2.9235E-06    0.0000E+00   -4.8294E-07    0.0000E+00
   600   -6.1730E-06    0.0000E+00   -5.0586E-07    0.0000E+00
   601   -5.7772E-08    0.0000E+00    2.4704E-06    0.0000E+00
   602    1.3514E-06    0.0000E+00   -3.4564E-07    0.0000E+00
   603   -3.0993E-06    0.0000E+00   -2.6893E-06    0.0000E+00
   604   -1.6724E-06    0.0000E+00    3.8429E-07    0.0000E+00
   605   -7.5328E-07    0.0000E+00   -1.9527E-06    0.0000E+00
   606    1.6695E-08    0.0000E+00    9.7829E-07    0.0000E+00
   607    5.5906E-07    0.0000E+00    2.8965E-06    0.0000E+00
   608   -1.2294E-06    0.0000E+00   -3.6756E-06    0.0000E+00
   609   -8.2780E-07    0.0000E+00    1.4452E-06    0.0000E+00
   610   -6.4754E-07    0.0000E+00   -3.4945E-06    0.0000E+00
   611   -5.8438E-07    0.0000E+00    5.1471E-07    0.0000E+00
   612   -9.1411E-07    0.0000E+00    2.3287E-06    0.0000E+00
   613    3.6187E-07    0.0000E+00   -2.0169E-05    0.0000E+00
   614    1.0813E-07    0.0000E+00   -1.5322E-05    0.0000E+00
   615    6.5018E-07    0.0000E+00    2.3028E-06    0.0000E+00
   616   -5.9464E-07    0.0000E+00    1.7024E-05    0.0000E+00
   617   -4.5760E-07    0.0000E+00   -1.7370E-05    0.0000E+00
   618   -1.2722E-06    0.0000E+00   -1.1749E-05    0.0000E+00
   619    2.9347E-07    0.0000E+00   -1.6594E-05    0.0000E+00
   620    3.7705E-07    0.0000E+00   -3.5996E-06    0.0000E+00
   621    1.7084E-06    0.0000E+00    6.5316E-06    0.0000E+00
   622   -5.8483E-07    0.0000E+00    3.8972E-06    0.0000E+00
   623   -1.1121E-06    0.0000E+00   -3.1037E-06    0.0000E+00
   624    1.5255E-07    0.0000E+00   -2.4262E-06    0.0000E+00
   625    2.9078E-07    0.0000E+00   -6.8927E-08    0.0000E+00
   626    6.7302E-07    0.0000E+00    2.6023E-06    0.0000E+00
   627    2.0473E-07    0.0000E+00    3.7420E-07    0.0000E+00
   628    1.7496E-06    0.0000E+00    3.9981E-07    0.0000E+00
   629   -5.2159E-07    0.0000E+00    1.3792E-06    0.0000E+00
   630   -1.0602E-06    0.0000E+00   -1.8039E-07    0.0000E+00
   631   -1.7430E-07    0.0000E+00   -4.6813E-06    0.0000E+00
   632    3.3033E-06    0.0000E+00    1.1294E-06    0.0000E+00
   633   -2.7625E-06    0.0000E+00   -2.3851E-06    0.0000E+00
   634    3.5563E-06    0.0000E+00   -6.6928E-07    0.0000E+00
   635   -9.7695E-08    0.0000E+00    2.3720E-06    0.0000E+00
   636   -1.0882E-06    0.0000E+00   -6.4279E-06    0.0000E+00
   637    8.2292E-06    0.0000E+00    1.4834E-06    0.0000E+00
   638   -1.1822E-05    0.0000E+00   -2.2542E-05    0.0000E+00
   639    8.7118E-06    0.0000E+00    2.8593E-05    0.0000E+00
   640   -7.5949E-07    0.0000E+00   -2.7037E-05    0.0000E+00
   641   -4.9625E-05    0.0000E+00    1.1840E-05    0.0000E+00
   642    2.8928E-05    0.0000E+00    2.0795E-05    0.0000E+00
   643    9.1574E-05    0.0000E+00    4.1435E-05    0.0000E+00
   644    3.8362E-05    0.0000E+00    2.9067E-05    0.0000E+00
   645    4.2942E-06    0.0000E+00    1.4918E-05    0.0000E+00
   646   -3.5953E-06    0.0000E+00    8.5948E-06    0.0000E+00
   647    6.1077E-08    0.0000E+00    1.8274E-06    0.0000E+00
   648    9.7972E-07    0.0000E+00    1.9079E-06    0.0000E+00
   649   -1.8668E-06    0.0000E+00   -4.0734E-06    0.0000E+00
   650    2.8202E-06    0.0000E+00   -4.0593E-06    0.0000E+00
   651   -3.0827E-07    0.0000E+00   -1.8523E-06    0.0000E+00
   652   -2.9492E-07    0.0000E+00    1.2242E-07    0.0000E+00
   653    4.1110E-07    0.0000E+00   -2.8887E-06    0.0000E+00
   654    7.3581E-07    0.0000E+00   -2.7295E-06    0.0000E+00
   655    2.4230E-07    0.0000E+00   -1.1170E-08    0.0000E+00
   656    2.0882E-08    0.0000E+00    3.5646E-06    0.0000E+00
   657   -5.4655E-07    0.0000E+00   -1.8818E-06    0.0000E+00
   658    2.1527E-07    0.0000E+00   -1.5525E-06    0.0000E+00
   659    7.6543E-07    0.0000E+00    1.0739E-06    0.0000E+00
   660   -6.6476E-07    0.0000E+00   -1.0214E-06    0.0000E+00
   661    5.8710E-07    0.0000E+00    2.6854E-06    0.0000E+00
   662   -3.0850E-07    0.0000E+00   -1.5394E-05    0.0000E+00
   663   -1.9933E-07    0.0000E+00   -5.8297E-06    0.0000E+00
   664    8.5971E-07    0.0000E+00    2.2459E-06    0.0000E+00
   665   -4.7710E-07    0.0000E+00    2.5558E-06    0.0000E+00
   666    1.5895E-06    0.0000E+00   -7.8404E-06    0.0000E+00
   667    9.6987E-07    0.0000E+00    8.7100E-06    0.0000E+00
   668   -5.3360E-07    0.0000E+00    6.0928E-06    0.0000E+00
   669    2.1114E-07    0.0000E+00   -7.4582E-06    0.0000E+00
   670   -1.3582E-06    0.0000E+00   -1.2504E-05    0.0000E+00
   671   -1.0084E-06    0.0000E+00   -3.9404E-06    0.0000E+00
   672    6.4264E-07    0.0000E+00    3.5418E-06    0.0000E+00
   673    4.7433E-07    0.0000E+00   -1.5114E-06    0.0000E+00
   674    3.2885E-07    0.0000E+00   -1.7400E-06    0.0000E+00
   675   -1.5125E-07    0.0000E+00   -3.3388E-07    0.0000E+00
   676    6.9337E-07    0.0000E+00    5.2167E-07    0.0000E+00
   677    2.0417E-06    0.0000E+00    2.3329E-06    0.0000E+00
   678    2.5990E-07    0.0000E+00    3.0109E-06    0.0000E+00
   679    1.2362E-07    0.0000E+00    6.2033E-07    0.0000E+00
   680   -3.4119E-07    0.0000E+00   -3.8025E-06    0.0000E+00
   681   -9.4336E-07    0.0000E+00    7.1605E-07    0.0000E+00
   682    3.1609E-06    0.0000E+00    2.5321E-06    0.0000E+00
   683    4.7070E-06    0.0000E+00   -2.9490E-07    0.0000E+00
   684   -4.3328E-06    0.0000E+00    4.4934E-06    0.0000E+00
   685    2.1475E-06    0.0000E+00   -4.4838E-06    0.0000E+00
   686    9.3754E-06    0.0000E+00    9.8038E-06    0.0000E+00
   687    4.8816E-06    0.0000E+00   -8.3404E-06    0.0000E+00
   688   -1.2699E-05    0.0000E+00    9.0444E-06    0.0000E+00
   689    2.4036E-05    0.0000E+00   -8.8402E-06    0.0000E+00
   690   -3.7244E-05    0.0000E+00   -2.9308E-06    0.0000E+00
   691    2.7563E-05    0.0000E+00   -1.1931E-05    0.0000E+00
   692   -3.5556E-06    0.0000E+00    1.8691E-05    0.0000E+00
   693   -3.1252E-05    0.0000E+00    4.2684E-05    0.0000E+00
   694   -1.7606E-05    0.0000E+00    2.3567E-05    0.0000E+00
   695   -5.8133E-06    0.0000E+00    7.2572E-06    0.0000E+00
   696    1.1487E-06    0.0000E+00   -2.4670E-06    0.0000E+00
   697   -2.6963E-06    0.0000E+00    6.9623E-07    0.0000E+00
   698   -1.4323E-06    0.0000E+00    3.2588E-07    0.0000E+00
   699    8.1464E-06    0.0000E+00    1.7979E-06    0.0000E+00
   700    3.6060E-06    0.0000E+00    1.9839E-06    0.0000E+00
   701   -2.1511E-08    0.0000E+00    1.7123E-06    0.0000E+00
   702    2.0545E-06    0.0000E+00   -6.6943E-07    0.0000E+00
   703    2.2007E-06    0.0000E+00    4.9262E-07    0.0000E+00
   704    1.7519E-06    0.0000E+00    2.3750E-06    0.0000E+00
   705    8.9193E-07    0.0000E+00   -1.1424E-06    0.0000E+00
   706   -4.3309E-07    0.0000E+00    1.1089E-06    0.0000E+00
   707    1.0056E-06    0.0000E+00    1.9056E-06    0.0000E+00
   708    6.9103E-07    0.0000E+00   -2.5844E-06    0.0000E+00
   709    5.8885E-07    0.0000E+00    2.5148E-06    0.0000E+00
   710    1.4494E-06    0.0000E+00    2.6839E-06    0.0000E+00
   711   -2.5724E-07    0.0000E+00   -6.7125E-06    0.0000E+00
   712    2.2908E-07    0.0000E+00    3.1326E-06    0.0000E+00
   713   -7.3026E-07    0.0000E+00   -1.5456E-06    0.0000E+00
   714   -1.0178E-06    0.0000E+00   -2.0682E-06    0.0000E+00
   715    2.1623E-06    0.0000E+00    5.2026E-06    0.0000E+00
   716   -1.3383E-06    0.0000E+00    7.2122E-06    0.0000E+00
   717   -2.0236E-06    0.0000E+00   -2.2479E-05    0.0000E+00
   718    4.8999E-07    0.0000E+00   -5.4724E-06    0.0000E+00
   719   -1.8585E-06    0.0000E+00   -1.8061E-06    0.0000E+00
   720   -2.2443E-07    0.0000E+00   -4.7460E-06    0.0000E+00
   721    2.0281E-07    0.0000E+00   -2.5493E-06    0.0000E+00
   722    1.6197E-08    0.0000E+00   -3.0787E-06    0.0000E+00
   723    1.0878E-06    0.0000E+00   -1.1638E-07    0.0000E+00
   724   -4.1138E-07    0.0000E+00    3.1985E-06    0.0000E+00
   725    2.4470E-07    0.0000E+00   -1.7671E-06    0.0000E+00
   726   -2.9156E-07    0.0000E+00   -3.7120E-07    0.0000E+00
   727   -1.3929E-06    0.0000E+00    1.1669E-06    0.0000E+00
   728   -3.8575E-07    0.0000E+00    1.1189E-06    0.0000E+00
   729    2.3776E-06    0.0000E+00    2.9776E-06    0.0000E+00
   730   -2.6342E-06    0.0000E+00   -1.7154E-06    0.0000E+00
   731   -1.4765E-06    0.0000E+00   -8.4870E-07    0.0000E+00
   732    2.5856E-06    0.0000E+00    1.5456E-06    0.0000E+00
   733   -4.0446E-06    0.0000E+00    2.4663E-06    0.0000E+00
   734    2.6107E-06    0.0000E+00   -2.0151E-06    0.0000E+00
   735   -4.0798E-06    0.0000E+00    2.0030E-06    0.0000E+00
   736    3.0242E-06    0.0000E+00    4.4817E-06    0.0000E+00
   737   -2.1660E-06    0.0000E+00   -8.1643E-07    0.0000E+00
   738   -1.0794E-06    0.0000E+00   -9.3596E-06    0.0000E+00
   739   -1.5473E-05    0.0000E+00    8.1929E-06    0.0000E+00
   740    2.9688E-05    0.0000E+00   -4.0737E-06    0.0000E+00
   741    1.6611E-05    0.0000E+00    9.6792E-06    0.0000E+00
   742   -1.8624E-05    0.0000E+00    3.3389E-06    0.0000E+00
   743   -2.4731E-05    0.0000E+00   -9.7128E-06    0.0000E+00
   744   -1.3002E-05    0.0000E+00   -5.0217E-06    0.0000E+00
   745    1.2020E-06    0.0000E+00   -4.3649E-07    0.0000E+00
   746   -1.8101E-06    0.0000E+00    2.7621E-06    0.0000E+00
   747   -2.0677E-06    0.0000E+00   -2.4817E-06    0.0000E+00
   748    6.7010E-07    0.0000E+00   -9.2184E-07    0.0000E+00
   749   -2.8064E-06    0.0000E+00    2.8172E-06    0.0000E+00
   750   -1.9510E-06    0.0000E+00    9.1951E-07    0.0000E+00
   751    1.8968E-06    0.0000E+00    1.5011E-06    0.0000E+00
   752   -2.6183E-07    0.0000E+00   -4.9283E-07    0.0000E+00
   753   -2.4519E-07    0.0000E+00    1.1358E-06    0.0000E+00
   754   -8.2342E-08    0.0000E+00    2.3369E-06    0.0000E+00
   755   -9.7277E-07    0.0000E+00   -1.3880E-06    0.0000E+00
   756    1.1992E-06    0.0000E+00   -1.0918E-06    0.0000E+00
   757   -8.0999E-07    0.0000E+00    6.9180E-07    0.0000E+00
   758   -4.2744E-07    0.0000E+00    1.3005E-06    0.0000E+00
   759   -7.7006E-08    0.0000E+00   -2.9663E-06    0.0000E+00
   760   -8.1550E-07    0.0000E+00   -1.0311E-05    0.0000E+00
   761   -8.9455E-08    0.0000E+00   -5.8393E-07    0.0000E+00
   762    8.5579E-08    0.0000E+00   -4.8277E-07    0.0000E+00
   763   -6.3824E-08    0.0000E+00   -1.6262E-06    0.0000E+00
   764   -5.7443E-07    0.0000E+00   -1.0448E-06    0.0000E+00
   765    3.4968E-07    0.0000E+00    1.4028E-05    0.0000E+00
   766   -3.3509E-07    0.0000E+00   -9.5017E-06    0.0000E+00
   767   -2.8301E-07    0.0000E+00   -1.1858E-05    0.0000E+00
   768   -7.5869E-07    0.0000E+00   -8.9776E-06    0.0000E+00
   769    2.7489E-07    0.0000E+00   -1.2002E-06    0.0000E+00
   770    1.3823E-06    0.0000E+00    4.4646E-06    0.0000E+00
   771    2.5134E-07    0.0000E+00    1.0526E-06    0.0000E+00
   772   -5.8923E-08    0.0000E+00    7.0476E-07    0.0000E+00
   773   -5.7862E-07    0.0000E+00   -5.4509E-08    0.0000E+00
   774    3.3522E-08    0.0000E+00   -3.5091E-06    0.0000E+00
   775   -4.0716E-07    0.0000E+00    7.8302E-07    0.0000E+00
   776   -1.1862E-06    0.0000E+00   -1.8656E-07    0.0000E+00
   777   -9.3538E-08    0.0000E+00   -2.8366E-06    0.0000E+00
   778    7.5181E-07    0.0000E+00    1.0286E-06    0.0000E+00
   779   -6.7115E-07    0.0000E+00    3.8128E-06    0.0000E+00
   780    4.8148E-07    0.0000E+00   -3.2966E-06    0.0000E+00
   781    1.2895E-06    0.0000E+00   -1.2580E-06    0.0000E+00
   782   -6.5774E-06    0.0000E+00    3.2836E-06    0.0000E+00
   783    4.6089E-06    0.0000E+00   -5.2862E-06    0.0000E+00
   784   -9.3823E-07    0.0000E+00    3.7612E-06    0.0000E+00
   785   -4.5049E-06    0.0000E+00   -5.7121E-06    0.0000E+00
   786   -2.3198E-06    0.0000E+00    9.7750E-06    0.0000E+00
   787    1.1311E-05    0.0000E+00   -1.1607E-05    0.0000E+00
   788   -1.8436E-05    0.0000E+00    1.0759E-05    0.0000E+00
   789    1.8030E-05    0.0000E+00   -2.4455E-05    0.0000E+00
   790   -9.4547E-06    0.0000E+00    2.1079E-05    0.0000E+00
   791   -1.5359E-05    0.0000E+00    3.2871E-05    0.0000E+00
   792    9.4155E-06    0.0000E+00    1.7343E-05    0.0000E+00
   793    6.6304E-06    0.0000E+00    1.3622E-06    0.0000E+00
   794    3.1840E-06    0.0000E+00   -2.5329E-06    0.0000E+00
   795   -3.4931E-06    0.0000E+00    2.1106E-06    0.0000E+00
   796   -1.6374E-07    0.0000E+00   -1.9599E-06    0.0000E+00
   797    2.6594E-06    0.0000E+00   -4.2002E-07    0.0000E+00
   798   -3.2303E-06    0.0000E+00   -2.0544E-06    0.0000E+00
   799   -2.4921E-06    0.0000E+00   -7.2668E-07    0.0000E+00
   800    1.8028E-07    0.0000E+00    1.3043E-06    0.0000E+00
   801   -3.6471E-07    0.0000E+00   -3.7776E-07    0.0000E+00
   802   -7.1522E-07    0.0000E+00   -6.8553E-08    0.0000E+00
   803   -3.9411E-07    0.0000E+00    2.1840E-06    0.0000E+00
   804   -1.0443E-06    0.0000E+00   -2.7144E-06    0.0000E+00
   805    3.8754E-07    0.0000E+00    2.5589E-06    0.0000E+00
   806   -5.0399E-07    0.0000E+00    1.6858E-06    0.0000E+00
   807   -1.9955E-07    0.0000E+00   -3.3327E-06    0.0000E+00
   808    2.6711E-07    0.0000E+00    6.2494E-06    0.0000E+00
   809   -1.1519E-06    0.0000E+00   -1.3302E-05    0.0000E+00
   810    5.1402E-08    0.0000E+00   -1.9408E-07    0.0000E+00
   811   -1.6983E-07    0.0000E+00   -3.4764E-06    0.0000E+00
   812   -7.5122E-08    0.0000E+00    8.0733E-06    0.0000E+00
   813    1.7483E-06    0.0000E+00   -1.1808E-05    0.0000E+00
   814   -2.6581E-06    0.0000E+00    7.1537E-06    0.0000E+00
   815    8.7175E-07    0.0000E+00   -4.8521E-06    0.0000E+00
   816    1.7653E-06    0.0000E+00    9.8094E-06    0.0000E+00
   817    9.6035E-07    0.0000E+00    8.4392E-06    0.0000E+00
   818    2.9780E-06    0.0000E+00    6.7549E-07    0.0000E+00
   819    6.5801E-07    0.0000E+00   -6.3734E-08    0.0000E+00
   820   -3.7475E-07    0.0000E+00   -7.2230E-07    0.0000E+00
   821    1.0805E-07    0.0000E+00    4.1179E-06    0.0000E+00
   822   -2.1176E-07    0.0000E+00   -5.2692E-08    0.0000E+00
   823   -3.1063E-08    0.0000E+00   -8.1905E-07    0.0000E+00
   824    3.3262E-07    0.0000E+00   -6.2914E-08    0.0000E+00
   825    5.8927E-07    0.0000E+00   -5.8597E-07    0.0000E+00
   826    2.0280E-07    0.0000E+00    1.1951E-06    0.0000E+00
   827    5.4899E-07    0.0000E+00   -7.2582E-07    0.0000E+00
   828   -2.9072E-07    0.0000E+00    2.2733E-06    0.0000E+00
   829    3.6359E-07    0.0000E+00   -1.3561E-07    0.0000E+00
   830    8.1733E-07    0.0000E+00   -1.7499E-06    0.0000E+00
   831    9.1672E-07    0.0000E+00    9.8368E-07    0.0000E+00
   832   -2.2619E-06    0.0000E+00   -7.3844E-07    0.0000E+00
   833    2.6791E-06    0.0000E+00    3.8553E-07    0.0000E+00
   834   -5.2587E-07    0.0000E+00   -1.8950E-06    0.0000E+00
   835    1.4483E-06    0.0000E+00    2.7433E-06    0.0000E+00
   836   -1.8672E-06    0.0000E+00   -1.5740E-06    0.0000E+00
   837    2.2752E-07    0.0000E+00    1.9100E-06    0.0000E+00
   838    7.2785E-06    0.0000E+00   -2.9906E-06    0.0000E+00
   839    4.7026E-06    0.0000E+00    1.1228E-07    0.0000E+00
   840   -1.6044E-05    0.0000E+00   -8.2975E-07    0.0000E+00
   841   -2.9203E-05    0.0000E+00    4.4821E-07    0.0000E+00
   842   -1.4742E-05    0.0000E+00   -1.6894E-06    0.0000E+00
   843   -4.8465E-06    0.0000E+00   -1.8780E-06    0.0000E+00
   844   -2.5421E-06    0.0000E+00    3.6643E-07    0.0000E+00
   845   -5.4133E-07    0.0000E+00   -9.0298E-07    0.0000E+00
   846    2.4038E-07    0.0000E+00    4.8376E-07    0.0000E+00
   847    6.7212E-07    0.0000E+00   -2.0908E-07    0.0000E+00
   848    1.7775E-06    0.0000E+00    7.2039E-07    0.0000E+00
   849    7.7735E-07    0.0000E+00   -6.4205E-07    0.0000E+00
   850   -6.9198E-07    0.0000E+00   -4.6350E-07    0.0000E+00
   851   -3.1510E-07    0.0000E+00    3.5975E-08    0.0000E+00
   852   -2.2698E-07    0.0000E+00    4.5833E-07    0.0000E+00
   853    3.4222E-07    0.0000E+00   -1.1119E-06    0.0000E+00
   854    1.0356E-07    0.0000E+00   -2.4434E-07    0.0000E+00
   855   -3.6629E-07    0.0000E+00    5.9748E-07    0.0000E+00
   856    3.1824E-07    0.0000E+00   -1.0673E-06    0.0000E+00
   857   -1.3138E-07    0.0000E+00    2.2001E-06    0.0000E+00
   858    3.3800E-07    0.0000E+00   -6.6065E-06    0.0000E+00
