800 50 4 
1.516000 0.000000 0.000000 
1.378834 1.570796 0.247588 
1.375884 -3.141593 -0.121666 
1.461878 -1.570796 -0.193007 
1.458786 0.000000 0.197286 
1.375756 1.570796 0.115934 
1.379351 3.141593 -0.251111 
1.516399 -1.570796 0.011131 
1.376302 0.000000 0.247142 
1.374581 1.570796 -0.134891 
1.467996 -3.141593 -0.187593 
1.451270 -1.570796 0.210276 
1.374106 -0.000000 0.103769 
1.379682 1.570796 -0.265029 
1.517156 -3.141593 0.050729 
1.366577 -1.570796 0.246856 
1.366607 0.000000 -0.185579 
1.490460 1.570796 -0.164862 
1.417525 -3.141593 0.256431 
1.370977 -1.570796 0.036070 
1.394470 0.000000 -0.282027 
1.501217 1.570796 0.156342 
1.357669 -3.141593 0.213584 
1.359044 -1.570796 -0.259897 
1.521044 -0.000000 -0.045030 
1.369700 1.570796 0.275546 
1.367833 -3.141593 -0.149604 
1.471824 -1.570796 -0.197270 
1.440115 0.000000 0.236280 
1.368678 1.570796 0.089251 
1.383485 -3.141593 -0.297630 
1.501197 -1.570796 0.170789 
1.351616 0.000000 0.217840 
1.357520 1.570796 -0.286548 
1.525334 -3.141593 0.036032 
1.349794 -1.570796 0.274509 
1.342997 0.000000 -0.250890 
1.515328 1.570796 -0.134080 
1.363916 -3.141593 0.306727 
1.351656 -1.570796 -0.206917 
1.495459 0.000000 -0.187274 
1.385890 1.570796 0.299771 
1.368375 -3.141593 -0.081144 
1.435935 -1.570796 -0.241991 
1.474523 0.000000 0.195044 
1.366941 1.570796 0.155468 
1.368596 -3.141593 -0.275853 
1.521466 -1.570796 0.041830 
1.358742 -0.000000 0.261389 
1.357189 1.570796 -0.214273 
1.501392 -3.141593 -0.156927 
1.393588 -1.570796 0.283177 
1.370893 0.000000 -0.039598 
1.418891 1.570796 -0.255109 
1.489548 -3.141593 0.166351 
1.366883 -1.570796 0.183579 
1.366854 0.000000 -0.247524 
1.517349 1.570796 -0.047878 
1.379233 -3.141593 0.264630 
1.374029 -1.570796 -0.106190 
1.452474 0.000000 -0.209032 
1.466791 1.570796 0.189652 
1.374436 -3.141593 0.132792 
1.376325 -1.570796 -0.249293 
1.516793 0.000000 -0.005487 
1.377818 1.570796 0.251243 
1.375055 3.141593 -0.123473 
1.462267 -1.570796 -0.194415 
1.457782 0.000000 0.200549 
1.374895 1.570796 0.115163 
1.378638 -3.141593 -0.256230 
1.517172 -1.570796 0.022031 
1.372734 0.000000 0.248408 
1.372113 1.570796 -0.152171 
1.475682 3.141593 -0.181353 
1.440503 -1.570796 0.227572 
1.372042 0.000000 0.085558 
1.382450 1.570796 -0.280244 
1.513170 -3.141593 0.107358 
1.357481 -1.570796 0.238681 
1.357330 0.000000 -0.234369 
1.511219 1.570796 -0.117732 
1.384596 -3.141593 0.281049 
1.372036 -1.570796 -0.076046 
1.435833 0.000000 -0.232838 
1.479438 1.570796 0.175589 
1.371784 -3.141593 0.159610 
1.372102 -1.570796 -0.243956 
1.516161 0.000000 -0.035943 
1.381820 1.570796 0.256845 
1.375872 3.141593 -0.099196 
1.450204 -1.570796 -0.207339 
1.470308 0.000000 0.179295 
1.376686 1.570796 0.136759 
1.378398 -3.141593 -0.234261 
1.513231 -1.570796 -0.034014 
1.388182 -0.000000 0.246681 
1.378705 1.570796 -0.078121 
1.441919 -3.141593 -0.209567 
1.479309 -1.570796 0.154609 
1.380724 0.000000 0.149797 
1.381985 1.570796 -0.203592 
1.503637 -3.141593 -0.080928 
1.408094 -1.570796 0.234544 
1.380499 0.000000 -0.008677 
1.414064 1.570796 -0.230291 
1.500129 3.141593 0.093893 
1.382634 -1.570796 0.194091 
1.381680 0.000000 -0.155822 
1.482748 1.570796 -0.145489 
1.438077 -3.141593 0.212079 
1.379276 -1.570796 0.069042 
1.390586 0.000000 -0.244890 
1.512219 1.570796 0.038834 
1.379248 -3.141593 0.230618 
1.377428 -1.570796 -0.136146 
1.470453 0.000000 -0.177342 
1.450508 1.570796 0.205435 
1.376525 -3.141593 0.098844 
1.382462 -1.570796 -0.253442 
1.515720 0.000000 0.029307 
1.374410 1.570796 0.242917 
1.373590 3.141593 -0.148630 
1.474664 -1.570796 -0.179629 
1.442968 0.000000 0.222093 
1.373148 1.570796 0.088898 
1.381959 -3.141593 -0.273895 
1.515135 -1.570796 0.085621 
1.360941 0.000000 0.242010 
1.360614 1.570796 -0.216890 
1.503919 -3.141593 -0.139869 
1.395793 -1.570796 0.275254 
1.372231 -0.000000 -0.031102 
1.416257 1.570796 -0.254017 
1.493059 -3.141593 0.154419 
1.368277 -1.570796 0.189195 
1.368162 0.000000 -0.234152 
1.513057 1.570796 -0.075293 
1.388426 -3.141593 0.262146 
1.375835 -1.570796 -0.065619 
1.433712 0.000000 -0.225417 
1.484356 1.570796 0.153947 
1.376876 -3.141593 0.163955 
1.377383 -1.570796 -0.212604 
1.506299 0.000000 -0.082990 
1.402785 1.570796 0.244259 
1.378763 -3.141593 -0.020527 
1.416948 -1.570796 -0.233411 
1.497822 -0.000000 0.110651 
1.379773 1.570796 0.190256 
1.379513 -3.141593 -0.173901 
1.490378 -1.570796 -0.133375 
1.427297 0.000000 0.226361 
1.377904 1.570796 0.047641 
1.394395 -3.141593 -0.251676 
1.510581 -1.570796 0.069883 
1.374242 0.000000 0.225531 
1.373987 1.570796 -0.166811 
1.484345 -3.141593 -0.160920 
1.431795 -1.570796 0.232464 
1.373906 0.000000 0.064665 
1.387597 1.570796 -0.271742 
1.511966 -3.141593 0.099760 
1.362387 -1.570796 0.233511 
1.362289 0.000000 -0.217603 
1.504812 1.570796 -0.132301 
1.396585 -3.141593 0.271770 
1.372892 -1.570796 -0.028780 
1.415745 0.000000 -0.252540 
1.494217 1.570796 0.149017 
1.369234 3.141593 0.190690 
1.369128 -1.570796 -0.227630 
1.510762 0.000000 -0.085828 
1.392801 1.570796 0.260089 
1.376133 -3.141593 -0.048540 
1.426253 -1.570796 -0.232269 
1.490120 0.000000 0.141251 
1.376671 1.570796 0.175882 
1.376899 -3.141593 -0.203203 
1.502512 -1.570796 -0.101444 
1.408903 -0.000000 0.242580 
1.378009 1.570796 0.000182 
1.408777 -3.141593 -0.242680 
1.502587 -1.570796 0.101215 
1.376873 0.000000 0.203401 
1.376644 1.570796 -0.175818 
1.490078 -3.141593 -0.141424 
1.426293 -1.570796 0.232285 
1.376112 0.000000 0.048670 
1.392753 1.570796 -0.260197 
1.510777 3.141593 0.085943 
1.369066 -1.570796 0.227692 
1.369172 -0.000000 -0.190941 
1.494316 1.570796 -0.148899 
1.415569 -3.141593 0.252748 
1.372886 -1.570796 0.028336 
1.396709 0.000000 -0.271692 
1.504733 1.570796 0.132516 
1.362323 -3.141593 0.217414 
1.362420 -1.570796 -0.233551 
1.511989 0.000000 -0.099539 
1.387584 1.570796 0.271682 
1.373918 3.141593 -0.064736 
1.431837 -1.570796 -0.232387 
1.484324 0.000000 0.160912 
1.374009 1.570796 0.166748 
1.374267 -3.141593 -0.225470 
1.510562 -1.570796 -0.069914 
1.394435 0.000000 0.251629 
1.377912 1.570796 -0.047514 
1.427248 -3.141593 -0.226386 
1.490417 -1.570796 0.133251 
1.379522 -0.000000 0.173977 
1.379779 1.570796 -0.190143 
1.497776 -3.141593 -0.110792 
1.417019 -1.570796 0.233356 
1.378761 0.000000 0.020717 
1.402725 1.570796 -0.244304 
1.506331 -3.141593 0.082874 
1.377368 -1.570796 0.212698 
1.376862 0.000000 -0.163934 
1.484339 1.570796 -0.154019 
1.433725 3.141593 0.225431 
1.375825 -1.570796 0.065665 
1.388408 0.000000 -0.262198 
1.513062 1.570796 0.075371 
1.368130 -3.141593 0.234175 
1.368245 -1.570796 -0.189334 
1.493116 0.000000 -0.154349 
1.416158 1.570796 0.254131 
1.372230 -3.141593 0.030851 
1.395862 -1.570796 -0.275202 
1.503879 0.000000 0.139957 
1.360638 1.570796 0.216792 
1.360963 -3.141593 -0.242010 
1.515138 -1.570796 -0.085534 
1.381965 0.000000 0.273858 
1.373155 1.570796 -0.088878 
1.442963 -3.141593 -0.222080 
1.474674 -1.570796 0.179589 
1.373599 0.000000 0.148640 
1.374419 1.570796 -0.242857 
1.515705 -3.141593 -0.029419 
1.382503 -1.570796 0.253424 
1.376539 -0.000000 -0.098660 
1.450425 1.570796 -0.205498 
1.470539 -3.141593 0.177158 
1.377451 -1.570796 0.136285 
1.379263 0.000000 -0.230405 
1.512161 1.570796 -0.039245 
1.390730 -3.141593 0.244834 
1.379298 -1.570796 -0.068467 
1.437826 0.000000 -0.212277 
1.482960 1.570796 0.144952 
1.381719 3.141593 0.156221 
1.382652 -1.570796 -0.193580 
1.499931 0.000000 -0.094613 
1.414386 1.570796 0.230071 
1.380491 -3.141593 0.009587 
1.407789 -1.570796 -0.234771 
1.503808 0.000000 0.080289 
1.381935 1.570796 0.204077 
1.380664 -3.141593 -0.149564 
1.479161 -1.570796 -0.155032 
1.442071 -0.000000 0.209505 
1.378665 1.570796 0.078503 
1.388069 -3.141593 -0.246822 
1.513281 -1.570796 0.033934 
1.378318 0.000000 0.234436 
1.376627 1.570796 -0.136990 
1.470391 -3.141593 -0.179309 
1.450072 -1.570796 0.207631 
1.375814 0.000000 0.099023 
1.381798 1.570796 -0.257212 
1.516187 -3.141593 0.036852 
1.371850 -1.570796 0.243996 
1.371575 0.000000 -0.160883 
1.479996 1.570796 -0.175055 
1.434984 -3.141593 0.234027 
1.371942 -1.570796 0.074418 
1.384976 0.000000 -0.281586 
1.510685 1.570796 0.120840 
1.357122 -3.141593 0.233318 
1.357383 -1.570796 -0.240484 
1.513926 0.000000 -0.103494 
1.381423 1.570796 0.280204 
1.371924 -3.141593 -0.090219 
1.442759 -1.570796 -0.225298 
1.473662 0.000000 0.184785 
1.372055 1.570796 0.148447 
1.372875 -3.141593 -0.251728 
1.517843 -1.570796 -0.012705 
1.376249 0.000000 0.256210 
1.373805 1.570796 -0.127190 
1.463403 -3.141593 -0.195780 
1.455600 -1.570796 0.206256 
1.373601 -0.000000 0.112731 
1.377915 1.570796 -0.264505 
1.517876 -3.141593 0.042514 
1.366960 -1.570796 0.249404 
1.366964 0.000000 -0.181423 
1.488459 1.570796 -0.168643 
1.420234 -3.141593 0.254131 
1.370699 -1.570796 0.043156 
1.392753 0.000000 -0.284788 
1.501157 1.570796 0.159233 
1.356543 3.141593 0.214281 
1.358438 -1.570796 -0.264640 
1.522323 0.000000 -0.033224 
1.366212 1.570796 0.276002 
1.364803 -3.141593 -0.168469 
1.480468 -1.570796 -0.189727 
1.426268 0.000000 0.254137 
1.368191 1.570796 0.060410 
1.390797 -3.141593 -0.299565 
1.487836 -1.570796 0.204136 
1.352179 0.000000 0.192249 
1.375958 1.570796 -0.331660 
1.472208 -3.141593 0.248696 
1.345484 -1.570796 0.164771 
