           2  -1.5809217437508620     
           3  -1.6040806650011563     
           4  -1.6201988831671874     
           5  -1.6333630743738643     
           6  -1.6448174159598372     
           7  -1.6551087458752933     
           8  -1.6645453129628913     
           9  -1.6733216701799600     
          10  -1.6815668461964697     
          11  -1.6893735320777725     
          12  -1.6968081518784603     
          13  -1.7039231606036656     
          14  -1.7107596424306393     
          15  -1.7173500810890634     
          16  -1.7237226406524848     
          17  -1.7298998644329715     
          18  -1.7359003092826502     
          19  -1.7417412429679948     
          20  -1.7474357710744279     
          21  -1.7529967248539378     
          22  -1.7584353111683404     
          23  -1.7637596150508594     
          24  -1.7689797413250654     
          25  -1.7741020532184486     
          26  -1.7791330956983860     
          27  -1.7840801234710364     
          28  -1.7889471294046317     
          29  -1.7937401398664365     
          30  -1.7984636210985312     
          31  -1.8031203117262806     
          32  -1.8077158114507297     
          33  -1.8122517548751196     
          34  -1.8167316100656268     
          35  -1.8211593702937603     
          36  -1.8255357425624428     
          37  -1.8298653105331038     
          38  -1.8341496571950451     
          39  -1.8383895952918592     
          40  -1.8425897239839570     
          41  -1.8467497326809807     
          42  -1.8508723078586224     
          43  -1.8549600472022179     
          44  -1.8590127651427883     
          45  -1.8630333586676739     
          46  -1.8670220978857801     
          47  -1.8709798549000933     
          48  -1.8749094778267779     
          49  -1.8788098317821071     
          50  -1.8826837399130969     
          51  -1.8865325295991056     
          52  -1.8903543871964223     
          53  -1.8941544769970899     
          54  -1.8979307386410043     
          55  -1.9016841797479995     
          56  -1.9054177002053425     
          57  -1.9091294569122366     
          58  -1.9128220530817448     
          59  -1.9164957594088703     
          60  -1.9201497548466042     
          61  -1.9237862793898697     
          62  -1.9274035672826004     
          63  -1.9310033718058230     
          64  -1.9345878787158377     
          65  -1.9381531250175943     
          66  -1.9417048228875085     
          67  -1.9452407645675291     
          68  -1.9487592101930116     
          69  -1.9522658476897685     
          70  -1.9557555401328748     
          71  -1.9592314915091305     
          72  -1.9626951433166233     
          73  -1.9661419925322963     
          74  -1.9695763022125754     
          75  -1.9729940602187108     
          76  -1.9763945881157401     
          77  -1.9797835318983656     
          78  -1.9831521219212991     
          79  -1.9865077286918698     
          80  -1.9898489296233297     
          81  -1.9931654237053951     
          82  -1.9964728935114144     
          83  -1.9997582085628312     
          84  -2.0030229324752984     
          85  -2.0062736299117425     
          86  -2.0094944159395545     
          87  -2.0126999774076753     
          88  -2.0158822967425927     
          89  -2.0190302995732963     
          90  -2.0221635348878628     
          91  -2.0252605082993371     
          92  -2.0283304134123399     
          93  -2.0313799189923891     
          94  -2.0343855682917864     
          95  -2.0373809667522416     
          96  -2.0403524361911982     
          97  -2.0432996820683367     
          98  -2.0462521072388897     
          99  -2.0492037866943842     
         100  -2.0521709900592526     
         101  -2.0551631868088380     
