  VMEC2000 V8.51
     MN       GMNC         GMNS           BMNC          BMNS
     1   -8.7887E-03    0.0000E+00    9.3924E-01    0.0000E+00
     2   -1.4639E-03    0.0000E+00    1.4342E-02    0.0000E+00
     3    7.0603E-05    0.0000E+00   -1.2870E-02    0.0000E+00
     4    1.5548E-05    0.0000E+00   -4.1145E-03    0.0000E+00
     5    6.1482E-06    0.0000E+00    9.6027E-04    0.0000E+00
     6   -1.1519E-05    0.0000E+00   -1.6279E-03    0.0000E+00
     7    1.1117E-05    0.0000E+00    1.3329E-03    0.0000E+00
     8   -3.2922E-06    0.0000E+00   -1.7399E-04    0.0000E+00
     9    7.6775E-07    0.0000E+00   -2.2876E-05    0.0000E+00
    10   -2.2328E-06    0.0000E+00    9.0135E-05    0.0000E+00
    11    4.6581E-06    0.0000E+00    3.1012E-04    0.0000E+00
    12    5.2776E-06    0.0000E+00    4.7825E-04    0.0000E+00
    13   -3.0491E-06    0.0000E+00   -1.7708E-04    0.0000E+00
    14   -1.7512E-06    0.0000E+00   -1.4168E-04    0.0000E+00
    15    2.7634E-06    0.0000E+00    3.6514E-04    0.0000E+00
    16    2.3915E-06    0.0000E+00    2.6362E-04    0.0000E+00
    17    7.3552E-07    0.0000E+00    1.5428E-04    0.0000E+00
    18    2.8910E-08    0.0000E+00    3.3657E-05    0.0000E+00
    19    6.3042E-08    0.0000E+00    8.8081E-05    0.0000E+00
    20    1.6854E-08    0.0000E+00    9.6972E-05    0.0000E+00
    21    1.0083E-07    0.0000E+00    3.0792E-05    0.0000E+00
    22    8.4070E-08    0.0000E+00    9.9510E-05    0.0000E+00
    23    2.3755E-07    0.0000E+00    4.0122E-05    0.0000E+00
    24    1.6018E-06    0.0000E+00    2.1786E-04    0.0000E+00
    25    2.0907E-06    0.0000E+00   -1.9504E-06    0.0000E+00
    26   -3.3365E-06    0.0000E+00    9.3871E-05    0.0000E+00
    27    9.8816E-07    0.0000E+00   -1.2670E-04    0.0000E+00
    28   -9.7349E-06    0.0000E+00   -2.9381E-05    0.0000E+00
    29    2.8010E-06    0.0000E+00    1.7977E-05    0.0000E+00
    30   -7.7941E-06    0.0000E+00   -1.0616E-05    0.0000E+00
    31   -5.1788E-06    0.0000E+00   -1.1486E-05    0.0000E+00
    32   -8.7283E-06    0.0000E+00   -9.4303E-06    0.0000E+00
    33   -1.6814E-05    0.0000E+00    3.7196E-06    0.0000E+00
    34    1.9872E-06    0.0000E+00    1.3209E-05    0.0000E+00
    35   -1.3357E-05    0.0000E+00   -2.5550E-05    0.0000E+00
    36   -9.4330E-06    0.0000E+00   -3.8788E-04    0.0000E+00
    37   -1.1849E-05    0.0000E+00   -1.0746E-03    0.0000E+00
    38   -2.5071E-05    0.0000E+00   -1.0640E-03    0.0000E+00
    39    3.3236E-06    0.0000E+00    2.7555E-04    0.0000E+00
    40   -1.6479E-06    0.0000E+00    9.2043E-04    0.0000E+00
    41   -3.5371E-05    0.0000E+00   -3.4796E-04    0.0000E+00
    42    9.8710E-06    0.0000E+00   -9.8245E-05    0.0000E+00
    43    2.5862E-05    0.0000E+00   -1.9522E-04    0.0000E+00
    44   -4.9690E-05    0.0000E+00   -2.5153E-04    0.0000E+00
    45    1.0272E-05    0.0000E+00    7.0976E-04    0.0000E+00
    46   -3.0867E-05    0.0000E+00   -9.3686E-04    0.0000E+00
    47    6.1493E-05    0.0000E+00    7.1723E-04    0.0000E+00
    48   -4.0597E-05    0.0000E+00   -1.5871E-03    0.0000E+00
    49    4.3631E-04    0.0000E+00    1.9209E-04    0.0000E+00
    50    9.6935E-05    0.0000E+00    1.4082E-02    0.0000E+00
    51   -5.5191E-04    0.0000E+00   -9.0275E-02    0.0000E+00
    52   -2.1701E-04    0.0000E+00   -1.2379E-02    0.0000E+00
    53    1.8012E-05    0.0000E+00    8.2433E-04    0.0000E+00
    54   -1.9597E-05    0.0000E+00   -1.7115E-04    0.0000E+00
    55    7.2829E-06    0.0000E+00   -9.0413E-04    0.0000E+00
    56   -9.1076E-07    0.0000E+00    9.0201E-05    0.0000E+00
    57   -4.6679E-05    0.0000E+00    9.2120E-05    0.0000E+00
    58    2.0342E-05    0.0000E+00   -1.3366E-04    0.0000E+00
    59    7.7337E-06    0.0000E+00    2.3085E-04    0.0000E+00
    60   -3.8808E-05    0.0000E+00   -3.8787E-04    0.0000E+00
    61   -8.5082E-06    0.0000E+00    2.0371E-04    0.0000E+00
    62   -2.4538E-06    0.0000E+00   -5.4296E-05    0.0000E+00
    63   -1.3985E-05    0.0000E+00    3.4529E-05    0.0000E+00
    64    5.4049E-06    0.0000E+00    4.1141E-04    0.0000E+00
    65   -1.7166E-05    0.0000E+00    2.8869E-04    0.0000E+00
    66   -7.6068E-06    0.0000E+00    7.8549E-05    0.0000E+00
    67   -1.2663E-07    0.0000E+00   -3.1066E-05    0.0000E+00
    68   -9.3348E-06    0.0000E+00   -1.0280E-05    0.0000E+00
    69   -2.2109E-06    0.0000E+00   -1.0387E-05    0.0000E+00
    70   -8.6506E-06    0.0000E+00   -7.7609E-06    0.0000E+00
    71   -1.4331E-06    0.0000E+00    7.9534E-06    0.0000E+00
    72   -5.2807E-06    0.0000E+00   -3.5258E-05    0.0000E+00
    73   -3.1128E-06    0.0000E+00   -9.3804E-05    0.0000E+00
    74   -3.8806E-06    0.0000E+00   -2.6856E-04    0.0000E+00
    75   -7.7256E-07    0.0000E+00   -2.1748E-04    0.0000E+00
    76   -4.5798E-07    0.0000E+00    7.2485E-05    0.0000E+00
    77    6.7353E-07    0.0000E+00    5.4412E-05    0.0000E+00
    78    6.9301E-07    0.0000E+00   -7.3471E-05    0.0000E+00
    79   -1.1219E-07    0.0000E+00    1.5082E-05    0.0000E+00
    80    1.5125E-06    0.0000E+00   -5.5486E-05    0.0000E+00
    81    1.2398E-06    0.0000E+00   -2.2057E-05    0.0000E+00
    82    3.2888E-06    0.0000E+00   -1.9632E-05    0.0000E+00
    83    1.5378E-06    0.0000E+00   -8.6004E-05    0.0000E+00
    84    1.3152E-06    0.0000E+00    1.6315E-05    0.0000E+00
    85    2.7350E-06    0.0000E+00   -2.3887E-04    0.0000E+00
    86   -3.1605E-06    0.0000E+00   -7.2157E-04    0.0000E+00
    87   -7.3328E-06    0.0000E+00   -1.2656E-03    0.0000E+00
    88   -8.8032E-06    0.0000E+00   -8.2828E-04    0.0000E+00
    89    7.0401E-07    0.0000E+00    8.7229E-04    0.0000E+00
    90    1.5998E-05    0.0000E+00    9.4185E-04    0.0000E+00
    91   -8.2611E-07    0.0000E+00   -1.2950E-03    0.0000E+00
    92   -8.4507E-06    0.0000E+00    4.0519E-04    0.0000E+00
    93   -4.6424E-08    0.0000E+00   -3.7598E-04    0.0000E+00
    94    8.7375E-06    0.0000E+00   -1.6422E-04    0.0000E+00
    95    2.8895E-06    0.0000E+00    2.8694E-04    0.0000E+00
    96   -3.2750E-06    0.0000E+00   -8.0453E-04    0.0000E+00
    97   -1.6145E-07    0.0000E+00    4.3698E-04    0.0000E+00
    98   -3.9290E-05    0.0000E+00    4.5461E-04    0.0000E+00
    99   -2.5314E-04    0.0000E+00    2.3470E-03    0.0000E+00
   100   -2.7249E-04    0.0000E+00   -1.5305E-03    0.0000E+00
   101    5.6811E-05    0.0000E+00    3.8315E-03    0.0000E+00
   102    1.9438E-05    0.0000E+00   -3.0972E-04    0.0000E+00
   103   -7.1764E-06    0.0000E+00    2.9512E-04    0.0000E+00
   104    2.3904E-06    0.0000E+00    1.6667E-04    0.0000E+00
   105   -2.2140E-06    0.0000E+00    1.2571E-04    0.0000E+00
   106    1.1201E-05    0.0000E+00    3.5211E-04    0.0000E+00
   107    1.2081E-06    0.0000E+00   -4.8745E-04    0.0000E+00
   108   -4.8580E-06    0.0000E+00    2.8879E-04    0.0000E+00
   109   -4.3574E-08    0.0000E+00   -2.7654E-04    0.0000E+00
   110    1.0048E-05    0.0000E+00    6.0676E-05    0.0000E+00
   111    9.9924E-07    0.0000E+00   -6.9175E-05    0.0000E+00
   112    1.1382E-06    0.0000E+00    1.1295E-04    0.0000E+00
   113    8.9970E-07    0.0000E+00   -1.4659E-04    0.0000E+00
   114   -7.0375E-07    0.0000E+00   -3.1590E-04    0.0000E+00
   115    1.4089E-06    0.0000E+00   -4.2712E-04    0.0000E+00
   116   -8.1763E-07    0.0000E+00   -1.4218E-04    0.0000E+00
   117    5.1157E-07    0.0000E+00    2.5871E-06    0.0000E+00
   118    1.4312E-06    0.0000E+00   -2.3335E-05    0.0000E+00
   119    1.4707E-06    0.0000E+00   -9.3360E-07    0.0000E+00
   120    1.2417E-06    0.0000E+00   -6.0000E-05    0.0000E+00
   121    3.3525E-07    0.0000E+00   -2.0589E-05    0.0000E+00
   122    9.1476E-07    0.0000E+00   -8.6164E-06    0.0000E+00
   123    5.2447E-07    0.0000E+00    1.0590E-04    0.0000E+00
   124    2.8925E-07    0.0000E+00    9.9756E-05    0.0000E+00
   125   -1.6407E-06    0.0000E+00    5.4705E-05    0.0000E+00
   126   -1.8853E-06    0.0000E+00   -6.5647E-06    0.0000E+00
   127   -2.8297E-07    0.0000E+00    1.5195E-05    0.0000E+00
   128   -1.3199E-07    0.0000E+00    1.7582E-05    0.0000E+00
   129   -5.4751E-07    0.0000E+00   -5.2193E-07    0.0000E+00
   130   -3.5688E-07    0.0000E+00   -2.3478E-06    0.0000E+00
   131   -1.0875E-06    0.0000E+00   -4.4095E-06    0.0000E+00
   132   -2.3288E-07    0.0000E+00    2.2086E-05    0.0000E+00
   133   -2.2462E-07    0.0000E+00    3.1850E-05    0.0000E+00
   134   -1.0921E-06    0.0000E+00   -1.6687E-06    0.0000E+00
   135   -1.3990E-07    0.0000E+00   -9.2006E-05    0.0000E+00
   136   -3.4041E-06    0.0000E+00   -4.3049E-04    0.0000E+00
   137   -5.4096E-06    0.0000E+00   -6.5975E-04    0.0000E+00
   138   -4.3615E-06    0.0000E+00   -2.1810E-04    0.0000E+00
   139    1.4501E-06    0.0000E+00    8.0083E-04    0.0000E+00
   140    2.5106E-06    0.0000E+00    1.6851E-04    0.0000E+00
   141   -2.2837E-06    0.0000E+00   -5.7771E-04    0.0000E+00
   142    1.5835E-07    0.0000E+00    3.4420E-04    0.0000E+00
   143   -5.0394E-06    0.0000E+00   -4.8343E-04    0.0000E+00
   144    7.6408E-07    0.0000E+00    2.3996E-04    0.0000E+00
   145    2.2732E-06    0.0000E+00   -1.0973E-04    0.0000E+00
   146   -4.4764E-06    0.0000E+00    3.2056E-05    0.0000E+00
   147    5.4117E-05    0.0000E+00   -8.4841E-05    0.0000E+00
   148   -7.2409E-06    0.0000E+00   -2.2591E-03    0.0000E+00
   149   -3.2679E-05    0.0000E+00    1.2820E-04    0.0000E+00
   150   -2.8716E-04    0.0000E+00   -3.7912E-03    0.0000E+00
   151   -3.1386E-05    0.0000E+00    1.9088E-03    0.0000E+00
   152    4.7937E-06    0.0000E+00    4.9383E-04    0.0000E+00
   153   -4.6679E-06    0.0000E+00   -2.7094E-04    0.0000E+00
   154    1.1847E-07    0.0000E+00   -2.5629E-05    0.0000E+00
   155   -1.9980E-06    0.0000E+00   -2.6673E-05    0.0000E+00
   156   -4.6055E-07    0.0000E+00   -2.2013E-05    0.0000E+00
   157    8.4629E-07    0.0000E+00    8.7705E-05    0.0000E+00
   158   -1.4203E-06    0.0000E+00   -5.0217E-05    0.0000E+00
   159   -1.2399E-06    0.0000E+00   -5.9861E-05    0.0000E+00
   160   -2.2125E-07    0.0000E+00    1.8746E-04    0.0000E+00
   161   -1.6445E-06    0.0000E+00   -1.0408E-04    0.0000E+00
   162   -3.8018E-07    0.0000E+00   -1.3314E-04    0.0000E+00
   163   -5.2328E-07    0.0000E+00    1.5577E-04    0.0000E+00
   164   -3.5419E-07    0.0000E+00    2.3886E-04    0.0000E+00
   165    1.0536E-06    0.0000E+00    1.9133E-04    0.0000E+00
   166   -9.6441E-08    0.0000E+00    5.8739E-05    0.0000E+00
   167   -3.2041E-07    0.0000E+00   -9.9202E-06    0.0000E+00
   168   -4.7572E-07    0.0000E+00   -1.4335E-06    0.0000E+00
   169   -6.5281E-07    0.0000E+00   -1.1900E-05    0.0000E+00
   170    4.6155E-08    0.0000E+00    2.5095E-05    0.0000E+00
   171   -2.2691E-07    0.0000E+00    3.3580E-05    0.0000E+00
   172    2.2402E-07    0.0000E+00   -1.3574E-05    0.0000E+00
   173   -3.7412E-07    0.0000E+00    3.0067E-05    0.0000E+00
   174    8.0303E-08    0.0000E+00   -3.8055E-05    0.0000E+00
   175    3.0683E-06    0.0000E+00   -5.8189E-05    0.0000E+00
   176    1.5320E-06    0.0000E+00   -5.6041E-06    0.0000E+00
   177   -2.0506E-07    0.0000E+00   -6.1388E-06    0.0000E+00
   178    3.5568E-07    0.0000E+00    1.9864E-05    0.0000E+00
   179    6.7979E-08    0.0000E+00   -3.2653E-06    0.0000E+00
   180   -3.5843E-07    0.0000E+00   -1.6860E-05    0.0000E+00
   181   -7.1938E-07    0.0000E+00   -4.0849E-06    0.0000E+00
   182   -5.8186E-07    0.0000E+00   -3.9601E-06    0.0000E+00
   183    5.1492E-07    0.0000E+00    3.0355E-05    0.0000E+00
   184   -2.6002E-07    0.0000E+00    3.1539E-05    0.0000E+00
   185   -4.2499E-07    0.0000E+00   -4.2903E-05    0.0000E+00
   186   -1.8508E-06    0.0000E+00   -2.0883E-04    0.0000E+00
   187   -2.1346E-06    0.0000E+00   -2.9959E-04    0.0000E+00
   188    1.9279E-06    0.0000E+00    2.2111E-05    0.0000E+00
   189    1.8781E-06    0.0000E+00    4.3420E-04    0.0000E+00
   190   -3.9372E-06    0.0000E+00   -2.5487E-04    0.0000E+00
   191    2.7028E-06    0.0000E+00   -8.8528E-05    0.0000E+00
   192    2.1701E-06    0.0000E+00    1.1163E-04    0.0000E+00
   193   -6.2996E-06    0.0000E+00   -2.0482E-04    0.0000E+00
   194   -6.0424E-07    0.0000E+00    1.0566E-04    0.0000E+00
   195   -7.1511E-06    0.0000E+00   -8.6058E-05    0.0000E+00
   196   -1.5595E-05    0.0000E+00    1.8115E-04    0.0000E+00
   197    5.6180E-06    0.0000E+00    2.9782E-04    0.0000E+00
   198    4.8862E-05    0.0000E+00    5.8775E-04    0.0000E+00
   199    9.9126E-05    0.0000E+00    5.6107E-04    0.0000E+00
   200    6.6216E-05    0.0000E+00   -2.2729E-04    0.0000E+00
   201    1.2374E-05    0.0000E+00    6.1654E-05    0.0000E+00
   202   -7.5078E-06    0.0000E+00   -2.0536E-04    0.0000E+00
   203   -3.9556E-06    0.0000E+00   -3.5771E-05    0.0000E+00
   204    8.9962E-07    0.0000E+00   -5.5255E-05    0.0000E+00
   205   -7.9663E-08    0.0000E+00    6.3825E-05    0.0000E+00
   206   -1.9821E-06    0.0000E+00   -8.8611E-05    0.0000E+00
   207    2.6634E-06    0.0000E+00    3.2751E-05    0.0000E+00
   208   -4.2812E-07    0.0000E+00   -3.0511E-06    0.0000E+00
   209   -1.7507E-06    0.0000E+00    6.3319E-06    0.0000E+00
   210    1.8123E-08    0.0000E+00   -1.1471E-04    0.0000E+00
   211    3.3450E-07    0.0000E+00    9.8627E-05    0.0000E+00
   212   -5.2274E-07    0.0000E+00   -3.8875E-07    0.0000E+00
   213    2.2432E-07    0.0000E+00   -1.3416E-04    0.0000E+00
   214   -9.0503E-07    0.0000E+00   -1.5931E-04    0.0000E+00
   215    1.3280E-09    0.0000E+00   -7.0112E-05    0.0000E+00
   216    4.6298E-07    0.0000E+00   -2.2236E-06    0.0000E+00
   217   -3.0574E-07    0.0000E+00   -6.1131E-06    0.0000E+00
   218    2.0737E-07    0.0000E+00    1.5858E-05    0.0000E+00
   219   -3.1224E-07    0.0000E+00    1.1165E-05    0.0000E+00
   220    1.1222E-07    0.0000E+00   -1.9658E-05    0.0000E+00
   221   -4.8153E-07    0.0000E+00   -3.7781E-05    0.0000E+00
   222    2.9521E-07    0.0000E+00    1.7221E-05    0.0000E+00
   223    1.2891E-06    0.0000E+00   -2.4719E-06    0.0000E+00
   224    1.5952E-06    0.0000E+00    4.1807E-06    0.0000E+00
   225    6.2032E-07    0.0000E+00   -4.4981E-06    0.0000E+00
   226    2.9086E-07    0.0000E+00   -7.4791E-06    0.0000E+00
   227    2.4301E-07    0.0000E+00    2.1514E-06    0.0000E+00
   228    2.5406E-07    0.0000E+00    1.3350E-05    0.0000E+00
   229    3.9932E-07    0.0000E+00    2.2871E-06    0.0000E+00
   230    6.2061E-07    0.0000E+00   -2.6184E-06    0.0000E+00
   231    4.4520E-07    0.0000E+00   -2.4212E-06    0.0000E+00
   232    8.1569E-07    0.0000E+00    1.1303E-05    0.0000E+00
   233    5.5737E-07    0.0000E+00    1.2969E-05    0.0000E+00
   234    4.4308E-07    0.0000E+00    1.6727E-05    0.0000E+00
   235    4.4076E-07    0.0000E+00   -2.6147E-05    0.0000E+00
   236   -1.2615E-06    0.0000E+00   -1.1216E-04    0.0000E+00
   237   -1.1154E-06    0.0000E+00   -9.4997E-05    0.0000E+00
   238    2.6208E-06    0.0000E+00    7.3772E-05    0.0000E+00
   239    1.9332E-06    0.0000E+00    1.4377E-04    0.0000E+00
   240   -4.2951E-06    0.0000E+00   -2.3282E-04    0.0000E+00
   241    2.2189E-06    0.0000E+00    8.8613E-05    0.0000E+00
   242    1.0305E-06    0.0000E+00    1.5534E-06    0.0000E+00
   243    4.0995E-06    0.0000E+00   -2.4048E-05    0.0000E+00
   244   -5.7462E-07    0.0000E+00   -1.1988E-06    0.0000E+00
   245    7.3480E-06    0.0000E+00   -6.0404E-05    0.0000E+00
   246   -1.3395E-05    0.0000E+00   -8.1201E-05    0.0000E+00
   247   -7.7916E-05    0.0000E+00    1.2762E-04    0.0000E+00
   248   -4.0707E-05    0.0000E+00   -3.4375E-04    0.0000E+00
   249   -4.0117E-05    0.0000E+00   -1.8228E-04    0.0000E+00
   250   -7.3736E-07    0.0000E+00    2.4223E-04    0.0000E+00
   251    6.6641E-06    0.0000E+00   -3.9673E-05    0.0000E+00
   252    4.8296E-06    0.0000E+00   -2.4846E-05    0.0000E+00
   253    7.3359E-07    0.0000E+00    6.0363E-06    0.0000E+00
   254    4.4332E-07    0.0000E+00    1.5948E-05    0.0000E+00
   255   -1.2427E-06    0.0000E+00    5.8017E-06    0.0000E+00
   256    4.0039E-07    0.0000E+00    1.2166E-05    0.0000E+00
   257    1.2743E-06    0.0000E+00   -1.1023E-05    0.0000E+00
   258    5.6401E-07    0.0000E+00    1.1015E-06    0.0000E+00
   259    7.5869E-07    0.0000E+00    4.6509E-05    0.0000E+00
   260    9.0869E-07    0.0000E+00    2.1838E-05    0.0000E+00
   261    3.3304E-07    0.0000E+00   -3.0499E-05    0.0000E+00
   262    9.4745E-07    0.0000E+00    4.3009E-05    0.0000E+00
   263    4.5443E-07    0.0000E+00    9.1374E-05    0.0000E+00
   264    5.5091E-08    0.0000E+00    6.3139E-05    0.0000E+00
   265    4.6854E-07    0.0000E+00    2.3033E-05    0.0000E+00
   266    1.6908E-07    0.0000E+00    1.1072E-06    0.0000E+00
   267    3.2437E-07    0.0000E+00    4.9417E-06    0.0000E+00
   268    9.7346E-08    0.0000E+00   -2.6732E-05    0.0000E+00
   269    2.6346E-07    0.0000E+00   -1.5782E-05    0.0000E+00
   270    1.5539E-07    0.0000E+00    3.2874E-05    0.0000E+00
   271   -2.2415E-07    0.0000E+00   -1.3040E-05    0.0000E+00
   272   -7.9133E-07    0.0000E+00   -1.4256E-05    0.0000E+00
   273   -1.4181E-06    0.0000E+00   -3.7768E-06    0.0000E+00
   274   -3.5697E-06    0.0000E+00    2.2305E-05    0.0000E+00
   275   -2.6672E-06    0.0000E+00    6.0009E-06    0.0000E+00
   276   -1.0824E-06    0.0000E+00   -1.7194E-06    0.0000E+00
   277   -5.7340E-07    0.0000E+00    1.3317E-06    0.0000E+00
   278   -9.4026E-07    0.0000E+00    9.1994E-07    0.0000E+00
   279   -1.1051E-06    0.0000E+00   -3.4965E-06    0.0000E+00
   280   -7.2310E-07    0.0000E+00   -6.4713E-06    0.0000E+00
   281   -1.3803E-06    0.0000E+00    2.8735E-07    0.0000E+00
   282   -1.1617E-06    0.0000E+00    1.0053E-06    0.0000E+00
   283   -8.8321E-07    0.0000E+00   -1.6980E-06    0.0000E+00
   284   -1.3535E-06    0.0000E+00    6.3474E-08    0.0000E+00
   285   -5.0053E-07    0.0000E+00   -1.5571E-05    0.0000E+00
   286   -1.8455E-06    0.0000E+00   -2.9451E-05    0.0000E+00
   287   -3.5946E-06    0.0000E+00   -2.4966E-05    0.0000E+00
   288    3.5964E-07    0.0000E+00    2.6371E-05    0.0000E+00
   289    6.4954E-07    0.0000E+00    2.1950E-05    0.0000E+00
   290   -3.6460E-06    0.0000E+00   -8.8698E-05    0.0000E+00
   291   -1.4323E-06    0.0000E+00    5.2270E-05    0.0000E+00
   292   -1.1708E-06    0.0000E+00   -1.8558E-05    0.0000E+00
   293   -4.7180E-07    0.0000E+00    6.8056E-06    0.0000E+00
   294    7.7268E-06    0.0000E+00    4.2256E-06    0.0000E+00
   295    2.5821E-05    0.0000E+00    1.0521E-04    0.0000E+00
   296    7.8169E-06    0.0000E+00   -2.9421E-04    0.0000E+00
   297   -4.5248E-06    0.0000E+00   -1.4091E-04    0.0000E+00
   298    3.8393E-05    0.0000E+00    6.4356E-05    0.0000E+00
   299   -8.9849E-07    0.0000E+00   -9.2925E-05    0.0000E+00
   300   -1.3156E-05    0.0000E+00    2.3355E-05    0.0000E+00
   301   -5.1086E-06    0.0000E+00    7.5432E-06    0.0000E+00
   302   -8.2685E-07    0.0000E+00    9.4879E-06    0.0000E+00
   303   -7.4916E-07    0.0000E+00    1.0309E-05    0.0000E+00
   304    1.4706E-06    0.0000E+00   -4.5551E-06    0.0000E+00
   305   -1.1124E-06    0.0000E+00   -1.2248E-05    0.0000E+00
   306   -3.5826E-06    0.0000E+00    7.9927E-06    0.0000E+00
   307   -6.3176E-07    0.0000E+00    4.0975E-06    0.0000E+00
   308   -7.3631E-07    0.0000E+00   -7.0135E-06    0.0000E+00
   309   -2.3729E-06    0.0000E+00   -2.3595E-05    0.0000E+00
   310   -1.3194E-06    0.0000E+00   -3.0979E-06    0.0000E+00
   311   -1.4966E-06    0.0000E+00   -1.2139E-05    0.0000E+00
   312   -1.2029E-06    0.0000E+00   -4.1385E-05    0.0000E+00
   313   -9.6927E-07    0.0000E+00   -4.1674E-05    0.0000E+00
   314   -1.6158E-06    0.0000E+00   -1.8154E-05    0.0000E+00
   315   -1.2450E-06    0.0000E+00   -4.0063E-06    0.0000E+00
   316   -8.3414E-07    0.0000E+00   -1.0145E-05    0.0000E+00
   317   -7.7248E-07    0.0000E+00   -1.3107E-06    0.0000E+00
   318   -1.2431E-07    0.0000E+00    2.6902E-05    0.0000E+00
   319   -6.8077E-08    0.0000E+00    2.5745E-05    0.0000E+00
   320    2.0014E-07    0.0000E+00    1.2050E-05    0.0000E+00
   321    3.5401E-07    0.0000E+00   -2.6736E-05    0.0000E+00
   322   -4.1404E-07    0.0000E+00    7.7898E-06    0.0000E+00
   323   -5.5524E-07    0.0000E+00    1.5246E-05    0.0000E+00
   324    8.3314E-07    0.0000E+00   -1.3152E-05    0.0000E+00
   325    1.0190E-06    0.0000E+00    1.9650E-06    0.0000E+00
   326    3.4787E-07    0.0000E+00    1.0830E-06    0.0000E+00
   327    2.4431E-07    0.0000E+00    1.6544E-06    0.0000E+00
   328    3.7081E-07    0.0000E+00   -5.6285E-06    0.0000E+00
   329    7.2931E-08    0.0000E+00   -2.9576E-07    0.0000E+00
   330    9.6429E-07    0.0000E+00   -4.8962E-07    0.0000E+00
   331    2.6838E-07    0.0000E+00   -3.3790E-06    0.0000E+00
   332    2.3716E-07    0.0000E+00    5.6259E-06    0.0000E+00
   333    5.7460E-07    0.0000E+00    1.8339E-06    0.0000E+00
   334   -1.4386E-07    0.0000E+00    1.2379E-06    0.0000E+00
   335    1.1167E-06    0.0000E+00    1.6341E-07    0.0000E+00
   336    8.2975E-07    0.0000E+00   -1.0231E-05    0.0000E+00
   337   -7.1978E-07    0.0000E+00   -2.8636E-06    0.0000E+00
   338    9.4145E-07    0.0000E+00    1.6819E-05    0.0000E+00
   339    2.7197E-06    0.0000E+00   -1.0207E-05    0.0000E+00
   340    3.9625E-07    0.0000E+00   -1.7913E-05    0.0000E+00
   341   -7.5270E-07    0.0000E+00    7.8222E-06    0.0000E+00
   342   -8.3780E-07    0.0000E+00    3.7172E-06    0.0000E+00
   343   -1.1460E-05    0.0000E+00   -2.3992E-05    0.0000E+00
   344   -9.2842E-06    0.0000E+00    4.6815E-05    0.0000E+00
   345    2.8702E-05    0.0000E+00    7.1285E-05    0.0000E+00
   346    2.5322E-05    0.0000E+00    5.1209E-05    0.0000E+00
   347   -2.8748E-05    0.0000E+00   -2.3389E-05    0.0000E+00
   348   -1.7236E-06    0.0000E+00    7.0173E-05    0.0000E+00
   349    3.1838E-05    0.0000E+00    2.3579E-05    0.0000E+00
   350    1.1876E-05    0.0000E+00   -2.4647E-05    0.0000E+00
   351   -1.2171E-06    0.0000E+00   -1.0359E-05    0.0000E+00
   352   -1.9339E-06    0.0000E+00   -1.3659E-05    0.0000E+00
   353   -2.0467E-06    0.0000E+00    1.9593E-06    0.0000E+00
   354    2.6882E-06    0.0000E+00    6.8805E-06    0.0000E+00
   355    2.9772E-06    0.0000E+00   -2.3843E-06    0.0000E+00
   356   -8.4845E-07    0.0000E+00   -1.3463E-05    0.0000E+00
   357   -2.1007E-07    0.0000E+00    2.4278E-06    0.0000E+00
   358    1.4982E-06    0.0000E+00    6.0932E-06    0.0000E+00
   359    1.0526E-06    0.0000E+00    1.9643E-06    0.0000E+00
   360    7.1671E-07    0.0000E+00    2.8286E-06    0.0000E+00
   361   -1.8758E-07    0.0000E+00    1.7079E-05    0.0000E+00
   362    6.2922E-07    0.0000E+00    2.4952E-05    0.0000E+00
   363    1.8286E-06    0.0000E+00    8.9062E-06    0.0000E+00
   364    7.8733E-07    0.0000E+00    2.3783E-06    0.0000E+00
   365    5.3405E-07    0.0000E+00    2.8949E-06    0.0000E+00
   366    2.0055E-07    0.0000E+00    1.2421E-05    0.0000E+00
   367    3.9939E-07    0.0000E+00   -6.9625E-06    0.0000E+00
   368    3.6954E-08    0.0000E+00   -2.1803E-05    0.0000E+00
   369    2.8460E-07    0.0000E+00    5.7614E-06    0.0000E+00
   370    3.2981E-07    0.0000E+00    1.2628E-05    0.0000E+00
   371    9.7769E-08    0.0000E+00   -1.2496E-05    0.0000E+00
   372    9.8562E-07    0.0000E+00   -2.9099E-05    0.0000E+00
   373    2.7369E-06    0.0000E+00   -1.3577E-05    0.0000E+00
   374    1.8925E-06    0.0000E+00   -1.4179E-05    0.0000E+00
   375    8.0302E-07    0.0000E+00   -1.6241E-06    0.0000E+00
   376    7.6922E-07    0.0000E+00    3.1767E-06    0.0000E+00
   377    7.3722E-07    0.0000E+00    1.6027E-06    0.0000E+00
   378    7.8245E-07    0.0000E+00   -2.3709E-07    0.0000E+00
   379    5.8177E-07    0.0000E+00    5.9996E-07    0.0000E+00
   380    9.0892E-07    0.0000E+00    1.4198E-06    0.0000E+00
   381    1.0574E-06    0.0000E+00   -1.0080E-06    0.0000E+00
   382    9.2924E-07    0.0000E+00    3.3798E-06    0.0000E+00
   383    6.3510E-07    0.0000E+00   -9.0081E-08    0.0000E+00
   384   -2.3976E-07    0.0000E+00   -9.8096E-07    0.0000E+00
   385    1.2056E-06    0.0000E+00    1.8303E-06    0.0000E+00
   386    2.1124E-06    0.0000E+00    1.6126E-06    0.0000E+00
   387    3.0308E-07    0.0000E+00   -2.0538E-06    0.0000E+00
   388   -1.7312E-06    0.0000E+00    3.0590E-06    0.0000E+00
   389    1.2561E-06    0.0000E+00   -2.7165E-08    0.0000E+00
   390    1.9879E-06    0.0000E+00    1.5450E-06    0.0000E+00
   391    2.9060E-06    0.0000E+00    3.9179E-06    0.0000E+00
   392    2.2078E-06    0.0000E+00   -3.9094E-06    0.0000E+00
   393    1.8963E-06    0.0000E+00   -2.2627E-05    0.0000E+00
   394   -2.7647E-05    0.0000E+00   -2.5552E-05    0.0000E+00
   395   -4.6044E-05    0.0000E+00    5.5288E-05    0.0000E+00
   396    2.1334E-05    0.0000E+00   -2.7765E-06    0.0000E+00
   397    1.4080E-05    0.0000E+00   -6.1732E-05    0.0000E+00
   398   -1.7790E-05    0.0000E+00   -3.7277E-05    0.0000E+00
   399   -1.3476E-05    0.0000E+00    2.4532E-05    0.0000E+00
   400    2.2482E-06    0.0000E+00    1.1018E-05    0.0000E+00
   401    4.5507E-06    0.0000E+00    3.0690E-06    0.0000E+00
   402    1.9250E-06    0.0000E+00   -4.8160E-07    0.0000E+00
   403   -2.1171E-06    0.0000E+00   -3.7301E-06    0.0000E+00
   404   -1.0818E-06    0.0000E+00    3.8204E-06    0.0000E+00
   405    2.7864E-06    0.0000E+00    4.3322E-06    0.0000E+00
   406    1.7298E-06    0.0000E+00    1.8452E-06    0.0000E+00
   407    3.6739E-07    0.0000E+00   -2.1338E-06    0.0000E+00
   408    7.0757E-07    0.0000E+00    1.6899E-06    0.0000E+00
   409    7.0306E-07    0.0000E+00    3.0946E-06    0.0000E+00
   410    1.6848E-06    0.0000E+00   -4.5162E-06    0.0000E+00
   411    1.0278E-06    0.0000E+00   -1.1702E-05    0.0000E+00
   412   -5.0997E-07    0.0000E+00   -7.1490E-06    0.0000E+00
   413    1.0295E-07    0.0000E+00   -1.0850E-06    0.0000E+00
   414    7.8570E-07    0.0000E+00    3.8004E-06    0.0000E+00
   415    5.0994E-07    0.0000E+00   -9.9101E-06    0.0000E+00
   416    3.7860E-07    0.0000E+00   -4.8891E-06    0.0000E+00
   417    1.5165E-07    0.0000E+00    1.1455E-05    0.0000E+00
   418    2.2094E-07    0.0000E+00    5.5635E-06    0.0000E+00
   419   -2.6195E-07    0.0000E+00    1.0139E-05    0.0000E+00
   420   -2.6322E-07    0.0000E+00    9.7242E-06    0.0000E+00
   421    7.5959E-08    0.0000E+00    1.0269E-05    0.0000E+00
   422   -1.6284E-07    0.0000E+00   -7.6968E-06    0.0000E+00
   423   -1.2194E-06    0.0000E+00    1.0416E-05    0.0000E+00
   424   -1.7452E-06    0.0000E+00    3.5116E-06    0.0000E+00
   425   -8.1940E-07    0.0000E+00   -2.3705E-07    0.0000E+00
   426   -8.8041E-07    0.0000E+00    1.2098E-06    0.0000E+00
   427   -9.5545E-07    0.0000E+00   -1.0234E-06    0.0000E+00
   428   -1.1822E-07    0.0000E+00   -1.2328E-06    0.0000E+00
   429   -1.3849E-06    0.0000E+00   -2.4145E-07    0.0000E+00
   430   -1.1037E-06    0.0000E+00   -6.3917E-08    0.0000E+00
   431   -8.7298E-07    0.0000E+00   -7.5733E-07    0.0000E+00
   432   -1.0694E-06    0.0000E+00   -1.1483E-06    0.0000E+00
   433    8.3763E-08    0.0000E+00   -2.0511E-06    0.0000E+00
   434   -1.7450E-06    0.0000E+00   -4.2584E-06    0.0000E+00
   435   -3.8932E-06    0.0000E+00    3.5928E-07    0.0000E+00
   436    1.3575E-06    0.0000E+00    2.6758E-06    0.0000E+00
   437    5.0339E-07    0.0000E+00   -4.5046E-06    0.0000E+00
   438   -4.1691E-06    0.0000E+00   -1.9245E-06    0.0000E+00
   439   -1.7386E-06    0.0000E+00   -2.4989E-06    0.0000E+00
   440   -9.8765E-07    0.0000E+00    3.4433E-06    0.0000E+00
   441   -3.5619E-06    0.0000E+00   -3.3081E-06    0.0000E+00
   442    1.3593E-05    0.0000E+00    1.8320E-05    0.0000E+00
   443    2.0999E-05    0.0000E+00    1.8926E-06    0.0000E+00
   444   -6.7452E-06    0.0000E+00   -5.8879E-05    0.0000E+00
   445   -1.6879E-05    0.0000E+00   -3.7290E-05    0.0000E+00
   446   -1.1844E-05    0.0000E+00    3.2611E-05    0.0000E+00
   447    8.0861E-06    0.0000E+00    3.2927E-05    0.0000E+00
   448   -9.3133E-07    0.0000E+00   -1.0243E-05    0.0000E+00
   449   -9.5907E-06    0.0000E+00   -1.2442E-05    0.0000E+00
   450   -6.6888E-06    0.0000E+00    8.8103E-07    0.0000E+00
   451   -3.5940E-06    0.0000E+00    4.6988E-06    0.0000E+00
   452    2.9336E-06    0.0000E+00   -9.9043E-09    0.0000E+00
   453    3.2656E-07    0.0000E+00   -5.4113E-07    0.0000E+00
   454   -4.3354E-06    0.0000E+00   -2.1377E-06    0.0000E+00
   455   -2.1375E-06    0.0000E+00   -1.1091E-06    0.0000E+00
   456   -1.8838E-07    0.0000E+00   -1.0125E-06    0.0000E+00
   457   -1.3264E-06    0.0000E+00   -1.2582E-07    0.0000E+00
   458   -1.4220E-06    0.0000E+00   -1.2618E-07    0.0000E+00
   459   -2.1101E-06    0.0000E+00    1.6683E-06    0.0000E+00
   460   -1.0573E-06    0.0000E+00    2.8648E-06    0.0000E+00
   461   -2.0235E-07    0.0000E+00    4.8385E-06    0.0000E+00
   462   -9.8459E-07    0.0000E+00   -1.9893E-07    0.0000E+00
   463   -1.0164E-06    0.0000E+00   -1.0595E-06    0.0000E+00
   464   -1.1299E-06    0.0000E+00   -5.3135E-06    0.0000E+00
   465   -2.5024E-09    0.0000E+00    1.3189E-05    0.0000E+00
   466   -6.7357E-08    0.0000E+00    4.7344E-06    0.0000E+00
   467   -8.6381E-08    0.0000E+00    9.4816E-07    0.0000E+00
   468   -1.0945E-06    0.0000E+00   -1.8657E-05    0.0000E+00
   469    4.8969E-07    0.0000E+00    9.9885E-06    0.0000E+00
   470    1.1502E-06    0.0000E+00    1.6899E-05    0.0000E+00
   471   -1.5109E-07    0.0000E+00    2.6045E-05    0.0000E+00
   472   -1.5641E-06    0.0000E+00    1.3647E-05    0.0000E+00
   473   -1.3046E-06    0.0000E+00    1.7736E-07    0.0000E+00
   474    2.0178E-07    0.0000E+00    2.0664E-06    0.0000E+00
   475   -2.3667E-07    0.0000E+00    3.9423E-07    0.0000E+00
   476   -1.4080E-07    0.0000E+00   -9.9506E-07    0.0000E+00
   477    2.0157E-07    0.0000E+00    3.6586E-07    0.0000E+00
   478   -8.1692E-07    0.0000E+00   -7.9244E-07    0.0000E+00
   479    6.7711E-07    0.0000E+00    4.1526E-07    0.0000E+00
   480   -1.9524E-07    0.0000E+00    2.2590E-07    0.0000E+00
   481   -6.1984E-07    0.0000E+00   -1.0832E-06    0.0000E+00
   482    7.3051E-07    0.0000E+00    2.9236E-06    0.0000E+00
   483    6.4554E-07    0.0000E+00   -4.7343E-07    0.0000E+00
   484    4.4589E-07    0.0000E+00   -5.0914E-06    0.0000E+00
   485   -3.1569E-08    0.0000E+00   -1.4282E-07    0.0000E+00
   486   -1.0151E-06    0.0000E+00    4.5115E-06    0.0000E+00
   487    1.6372E-06    0.0000E+00   -9.1715E-07    0.0000E+00
   488    2.4907E-06    0.0000E+00   -2.7045E-06    0.0000E+00
   489    3.9213E-07    0.0000E+00   -1.1941E-06    0.0000E+00
   490   -4.5035E-06    0.0000E+00   -6.1400E-06    0.0000E+00
   491    5.1459E-06    0.0000E+00    1.1385E-05    0.0000E+00
   492   -3.1462E-05    0.0000E+00   -1.6038E-05    0.0000E+00
   493    1.9804E-05    0.0000E+00    4.2831E-05    0.0000E+00
   494    5.9658E-05    0.0000E+00    4.5642E-05    0.0000E+00
   495    2.8325E-05    0.0000E+00   -8.7469E-07    0.0000E+00
   496   -1.7321E-07    0.0000E+00   -1.7061E-05    0.0000E+00
   497   -2.2933E-06    0.0000E+00    2.1047E-06    0.0000E+00
   498    1.4764E-05    0.0000E+00    5.9516E-06    0.0000E+00
   499    6.6944E-06    0.0000E+00   -6.6076E-06    0.0000E+00
   500   -2.5103E-07    0.0000E+00   -1.0099E-05    0.0000E+00
   501   -4.5787E-07    0.0000E+00   -2.2720E-06    0.0000E+00
   502   -1.0174E-06    0.0000E+00    3.5932E-06    0.0000E+00
   503    1.7217E-06    0.0000E+00   -1.5695E-07    0.0000E+00
   504    1.6276E-06    0.0000E+00   -3.1343E-06    0.0000E+00
   505   -9.2423E-07    0.0000E+00   -1.5851E-06    0.0000E+00
   506   -4.1329E-07    0.0000E+00   -7.1891E-07    0.0000E+00
   507    8.5859E-07    0.0000E+00    1.7072E-06    0.0000E+00
   508    4.0333E-07    0.0000E+00   -2.3742E-08    0.0000E+00
   509    3.5974E-07    0.0000E+00   -2.4470E-06    0.0000E+00
   510   -6.8773E-07    0.0000E+00   -5.8136E-07    0.0000E+00
   511    2.4352E-07    0.0000E+00    2.1690E-07    0.0000E+00
   512    1.1841E-06    0.0000E+00   -5.9831E-07    0.0000E+00
   513    1.9278E-08    0.0000E+00    1.6473E-06    0.0000E+00
   514    5.5801E-07    0.0000E+00    1.1179E-06    0.0000E+00
   515   -3.4335E-07    0.0000E+00   -5.4122E-06    0.0000E+00
   516    7.9874E-07    0.0000E+00    1.7361E-05    0.0000E+00
   517    1.6948E-08    0.0000E+00   -1.4451E-05    0.0000E+00
   518    9.5716E-08    0.0000E+00   -3.6772E-06    0.0000E+00
   519   -2.0496E-08    0.0000E+00    5.7854E-06    0.0000E+00
   520   -5.3716E-07    0.0000E+00   -1.2957E-05    0.0000E+00
   521    2.5175E-08    0.0000E+00   -6.9862E-06    0.0000E+00
   522    1.3111E-06    0.0000E+00   -2.7740E-06    0.0000E+00
   523    1.7518E-06    0.0000E+00   -4.9276E-06    0.0000E+00
   524    5.6963E-07    0.0000E+00   -1.2140E-06    0.0000E+00
   525    1.3279E-06    0.0000E+00    9.3454E-07    0.0000E+00
   526    1.3269E-06    0.0000E+00    9.5551E-07    0.0000E+00
   527    2.6889E-07    0.0000E+00   -6.5216E-07    0.0000E+00
   528    1.4521E-06    0.0000E+00    1.1090E-06    0.0000E+00
   529    8.4872E-07    0.0000E+00    2.7478E-08    0.0000E+00
   530    1.3835E-06    0.0000E+00   -1.1630E-06    0.0000E+00
   531    1.6874E-06    0.0000E+00    1.1527E-06    0.0000E+00
   532   -7.2703E-07    0.0000E+00   -1.2617E-06    0.0000E+00
   533    5.9017E-07    0.0000E+00    1.0676E-06    0.0000E+00
   534    5.0248E-06    0.0000E+00    3.7780E-06    0.0000E+00
   535    2.1331E-07    0.0000E+00   -2.6675E-06    0.0000E+00
   536   -9.9235E-07    0.0000E+00    6.1656E-07    0.0000E+00
   537    2.2952E-07    0.0000E+00    1.1755E-06    0.0000E+00
   538    3.7305E-06    0.0000E+00    6.0650E-06    0.0000E+00
   539   -1.0980E-06    0.0000E+00   -6.1772E-06    0.0000E+00
   540    1.2556E-05    0.0000E+00    1.4590E-05    0.0000E+00
   541   -1.4407E-05    0.0000E+00   -2.1868E-05    0.0000E+00
   542   -6.3095E-08    0.0000E+00   -2.7919E-05    0.0000E+00
   543   -2.4880E-05    0.0000E+00    3.5667E-05    0.0000E+00
   544   -2.0286E-05    0.0000E+00    4.1811E-05    0.0000E+00
   545    1.3385E-06    0.0000E+00    2.1730E-05    0.0000E+00
   546    2.8049E-06    0.0000E+00    6.4723E-08    0.0000E+00
   547   -4.7064E-06    0.0000E+00   -3.1766E-06    0.0000E+00
   548   -6.9753E-06    0.0000E+00    7.3142E-06    0.0000E+00
   549    2.6649E-06    0.0000E+00    8.1757E-06    0.0000E+00
   550    5.8569E-06    0.0000E+00    3.1219E-06    0.0000E+00
   551    6.0459E-08    0.0000E+00   -1.3626E-06    0.0000E+00
   552   -1.6403E-06    0.0000E+00   -1.2315E-06    0.0000E+00
   553    1.5017E-06    0.0000E+00    2.0387E-06    0.0000E+00
   554    2.4666E-06    0.0000E+00    1.6757E-06    0.0000E+00
   555    1.8673E-06    0.0000E+00    7.8703E-08    0.0000E+00
   556    1.0961E-06    0.0000E+00   -1.1248E-07    0.0000E+00
   557    8.1758E-07    0.0000E+00    4.0269E-07    0.0000E+00
   558    1.6986E-06    0.0000E+00    8.7687E-07    0.0000E+00
   559    1.4233E-06    0.0000E+00   -2.3391E-06    0.0000E+00
   560    1.0936E-06    0.0000E+00   -9.2477E-07    0.0000E+00
   561    4.9194E-07    0.0000E+00   -7.6704E-07    0.0000E+00
   562    4.7582E-07    0.0000E+00    2.0164E-06    0.0000E+00
   563    1.1037E-06    0.0000E+00   -3.9951E-06    0.0000E+00
   564    3.2813E-07    0.0000E+00    6.1668E-06    0.0000E+00
   565   -4.4214E-07    0.0000E+00    4.2045E-06    0.0000E+00
   566   -3.2702E-07    0.0000E+00    4.5609E-06    0.0000E+00
   567    6.7454E-07    0.0000E+00   -5.9923E-06    0.0000E+00
   568   -4.6565E-07    0.0000E+00    2.2013E-06    0.0000E+00
   569   -5.7207E-07    0.0000E+00    8.0813E-06    0.0000E+00
   570   -2.7665E-07    0.0000E+00    7.7552E-07    0.0000E+00
   571    9.1281E-07    0.0000E+00   -8.0296E-06    0.0000E+00
   572    6.6146E-07    0.0000E+00    3.6153E-06    0.0000E+00
   573   -6.9092E-07    0.0000E+00    5.5603E-07    0.0000E+00
   574   -4.0990E-08    0.0000E+00   -4.5878E-07    0.0000E+00
   575   -1.0235E-06    0.0000E+00    2.0828E-06    0.0000E+00
   576   -9.2618E-07    0.0000E+00   -6.1764E-07    0.0000E+00
   577    3.5054E-08    0.0000E+00    6.3823E-07    0.0000E+00
   578   -1.3312E-06    0.0000E+00    1.6219E-06    0.0000E+00
   579   -6.7401E-07    0.0000E+00   -1.9000E-07    0.0000E+00
   580   -7.2084E-07    0.0000E+00    1.0966E-06    0.0000E+00
   581   -1.0845E-06    0.0000E+00   -2.2594E-07    0.0000E+00
   582   -1.6667E-07    0.0000E+00   -1.8994E-06    0.0000E+00
   583   -1.7242E-06    0.0000E+00    2.6253E-06    0.0000E+00
   584   -3.7452E-06    0.0000E+00    5.9432E-07    0.0000E+00
   585    2.6890E-06    0.0000E+00    4.9828E-07    0.0000E+00
   586   -2.0247E-06    0.0000E+00   -2.3680E-06    0.0000E+00
   587   -9.4905E-07    0.0000E+00    1.4997E-06    0.0000E+00
   588   -6.6336E-06    0.0000E+00   -2.7457E-06    0.0000E+00
   589    6.4455E-06    0.0000E+00    5.8077E-06    0.0000E+00
   590   -1.3777E-05    0.0000E+00   -4.0873E-06    0.0000E+00
   591    2.3520E-05    0.0000E+00    1.6502E-05    0.0000E+00
   592    1.5838E-05    0.0000E+00   -1.6673E-05    0.0000E+00
   593   -2.4294E-05    0.0000E+00   -3.1023E-05    0.0000E+00
   594   -3.5092E-05    0.0000E+00   -9.3672E-06    0.0000E+00
   595   -2.3631E-05    0.0000E+00    5.8150E-06    0.0000E+00
   596   -4.4828E-06    0.0000E+00    1.0010E-05    0.0000E+00
   597   -2.2849E-06    0.0000E+00   -2.4763E-06    0.0000E+00
   598   -2.5015E-06    0.0000E+00   -5.0292E-06    0.0000E+00
   599   -3.7752E-06    0.0000E+00    2.1048E-06    0.0000E+00
   600   -3.2622E-06    0.0000E+00    1.2584E-06    0.0000E+00
   601    1.6254E-06    0.0000E+00    5.5972E-08    0.0000E+00
   602   -1.7389E-07    0.0000E+00    1.4026E-07    0.0000E+00
   603   -2.9783E-06    0.0000E+00    2.4638E-08    0.0000E+00
   604   -1.3783E-06    0.0000E+00    9.6710E-07    0.0000E+00
   605   -1.0634E-06    0.0000E+00    1.0629E-06    0.0000E+00
   606   -7.1676E-07    0.0000E+00    7.1323E-08    0.0000E+00
   607   -1.0957E-06    0.0000E+00    1.3265E-06    0.0000E+00
   608   -1.8853E-06    0.0000E+00    5.7519E-07    0.0000E+00
   609   -6.9177E-07    0.0000E+00    1.2781E-06    0.0000E+00
   610   -8.4916E-07    0.0000E+00    2.6606E-06    0.0000E+00
   611   -1.0401E-06    0.0000E+00   -8.6567E-07    0.0000E+00
   612   -6.6958E-07    0.0000E+00    5.1391E-07    0.0000E+00
   613   -5.3964E-07    0.0000E+00    5.5384E-06    0.0000E+00
   614    1.9640E-07    0.0000E+00   -3.4284E-06    0.0000E+00
   615   -7.5249E-07    0.0000E+00   -1.4817E-06    0.0000E+00
   616    3.9816E-08    0.0000E+00    4.1304E-08    0.0000E+00
   617   -9.8874E-07    0.0000E+00   -6.1673E-06    0.0000E+00
   618   -6.4103E-08    0.0000E+00   -8.7938E-06    0.0000E+00
   619    8.4019E-07    0.0000E+00   -5.3579E-07    0.0000E+00
   620    2.8985E-07    0.0000E+00    6.9351E-06    0.0000E+00
   621   -1.0329E-06    0.0000E+00    2.8127E-06    0.0000E+00
   622   -1.6583E-06    0.0000E+00    1.4213E-06    0.0000E+00
   623   -1.0770E-07    0.0000E+00    3.1210E-07    0.0000E+00
   624   -9.1633E-07    0.0000E+00   -7.2526E-07    0.0000E+00
   625   -7.1415E-07    0.0000E+00   -4.1728E-07    0.0000E+00
   626   -1.6718E-07    0.0000E+00   -1.1042E-06    0.0000E+00
   627   -1.2693E-06    0.0000E+00   -2.2814E-07    0.0000E+00
   628    1.3105E-07    0.0000E+00    9.2682E-07    0.0000E+00
   629   -8.2271E-07    0.0000E+00    3.1046E-07    0.0000E+00
   630   -1.4648E-06    0.0000E+00    6.4674E-07    0.0000E+00
   631    4.9253E-07    0.0000E+00    1.0233E-06    0.0000E+00
   632    8.1027E-07    0.0000E+00   -2.0218E-07    0.0000E+00
   633   -3.0037E-06    0.0000E+00   -3.4296E-06    0.0000E+00
   634   -6.4859E-08    0.0000E+00    1.4110E-06    0.0000E+00
   635   -1.5280E-06    0.0000E+00    1.0036E-06    0.0000E+00
   636    2.4408E-06    0.0000E+00    3.1784E-07    0.0000E+00
   637   -1.1017E-06    0.0000E+00   -4.4153E-06    0.0000E+00
   638   -4.0089E-07    0.0000E+00    3.7308E-06    0.0000E+00
   639   -3.3534E-06    0.0000E+00   -9.0064E-06    0.0000E+00
   640    6.4724E-06    0.0000E+00    3.8279E-06    0.0000E+00
   641   -9.5514E-06    0.0000E+00    4.7313E-06    0.0000E+00
   642    1.2085E-05    0.0000E+00    1.2664E-05    0.0000E+00
   643    2.3811E-05    0.0000E+00    3.1713E-06    0.0000E+00
   644    1.7221E-05    0.0000E+00   -8.0882E-06    0.0000E+00
   645    6.8668E-06    0.0000E+00   -1.0455E-05    0.0000E+00
   646   -3.1009E-07    0.0000E+00   -3.5881E-06    0.0000E+00
   647    7.0981E-06    0.0000E+00    2.4028E-06    0.0000E+00
   648    3.1341E-06    0.0000E+00   -2.6391E-06    0.0000E+00
   649   -1.3804E-06    0.0000E+00   -3.5524E-06    0.0000E+00
   650   -1.2521E-07    0.0000E+00    3.0376E-07    0.0000E+00
   651    6.2005E-08    0.0000E+00    1.1444E-06    0.0000E+00
   652   -1.5299E-07    0.0000E+00   -8.5230E-07    0.0000E+00
   653    1.4098E-07    0.0000E+00   -9.5305E-07    0.0000E+00
   654   -1.2466E-06    0.0000E+00   -5.2930E-07    0.0000E+00
   655   -9.4619E-07    0.0000E+00    8.3847E-09    0.0000E+00
   656   -2.6337E-07    0.0000E+00   -4.3123E-07    0.0000E+00
   657   -6.2780E-07    0.0000E+00    4.9148E-08    0.0000E+00
   658   -2.2196E-07    0.0000E+00   -5.7119E-07    0.0000E+00
   659   -9.3434E-07    0.0000E+00   -9.0849E-07    0.0000E+00
   660   -1.7832E-07    0.0000E+00   -1.1034E-06    0.0000E+00
   661    2.9285E-07    0.0000E+00    1.5049E-06    0.0000E+00
   662   -2.9103E-07    0.0000E+00    2.1438E-06    0.0000E+00
   663    3.7319E-07    0.0000E+00    6.7597E-06    0.0000E+00
   664    2.7371E-07    0.0000E+00   -4.9380E-06    0.0000E+00
   665    1.2724E-06    0.0000E+00    7.7364E-06    0.0000E+00
   666   -2.7443E-07    0.0000E+00    5.1205E-06    0.0000E+00
   667   -1.5740E-07    0.0000E+00   -1.0283E-05    0.0000E+00
   668    1.1289E-07    0.0000E+00   -1.1913E-05    0.0000E+00
   669    8.9962E-08    0.0000E+00   -6.9526E-06    0.0000E+00
   670   -4.1063E-07    0.0000E+00    2.3000E-06    0.0000E+00
   671   -1.6951E-08    0.0000E+00    2.4478E-06    0.0000E+00
   672    5.4425E-07    0.0000E+00   -1.2567E-06    0.0000E+00
   673   -1.8521E-07    0.0000E+00   -1.5089E-06    0.0000E+00
   674    8.4191E-07    0.0000E+00   -4.2477E-07    0.0000E+00
   675    9.8088E-07    0.0000E+00    3.2935E-07    0.0000E+00
   676    2.6836E-07    0.0000E+00    8.8654E-07    0.0000E+00
   677    9.4381E-07    0.0000E+00   -1.5923E-07    0.0000E+00
   678    4.2273E-07    0.0000E+00    4.4964E-07    0.0000E+00
   679    1.1269E-06    0.0000E+00    6.8448E-07    0.0000E+00
   680    1.0588E-06    0.0000E+00    2.2994E-07    0.0000E+00
   681   -7.3527E-07    0.0000E+00   -6.3643E-07    0.0000E+00
   682    7.7672E-07    0.0000E+00   -2.6527E-07    0.0000E+00
   683    3.7980E-06    0.0000E+00    8.8150E-07    0.0000E+00
   684   -5.8979E-07    0.0000E+00   -1.8182E-06    0.0000E+00
   685    6.8466E-07    0.0000E+00    1.5129E-06    0.0000E+00
   686   -4.0819E-07    0.0000E+00   -3.8708E-07    0.0000E+00
   687    3.4076E-06    0.0000E+00    2.9867E-06    0.0000E+00
   688   -4.4192E-07    0.0000E+00   -5.5655E-06    0.0000E+00
   689    4.7374E-06    0.0000E+00    1.3090E-05    0.0000E+00
   690   -5.4731E-06    0.0000E+00   -6.8119E-06    0.0000E+00
   691    6.2880E-06    0.0000E+00   -4.7147E-06    0.0000E+00
   692   -2.6213E-06    0.0000E+00    5.7148E-06    0.0000E+00
   693    2.1483E-06    0.0000E+00    9.8133E-06    0.0000E+00
   694    9.6556E-06    0.0000E+00    6.2058E-06    0.0000E+00
   695    9.6683E-06    0.0000E+00    2.4872E-06    0.0000E+00
   696    3.1750E-06    0.0000E+00    8.7992E-07    0.0000E+00
   697   -2.7943E-06    0.0000E+00    1.5086E-06    0.0000E+00
   698    1.1403E-06    0.0000E+00    2.9166E-06    0.0000E+00
   699    3.6406E-06    0.0000E+00    6.2603E-07    0.0000E+00
   700    5.8824E-07    0.0000E+00    5.5380E-07    0.0000E+00
   701   -3.9500E-07    0.0000E+00    4.2410E-08    0.0000E+00
   702    8.6368E-07    0.0000E+00   -1.6122E-07    0.0000E+00
   703    1.5328E-06    0.0000E+00    5.1670E-07    0.0000E+00
   704    1.6983E-06    0.0000E+00    7.5045E-07    0.0000E+00
   705    7.0246E-07    0.0000E+00   -6.7002E-07    0.0000E+00
   706    6.6279E-07    0.0000E+00    7.4984E-07    0.0000E+00
   707    1.3205E-06    0.0000E+00    2.3178E-06    0.0000E+00
   708    8.0979E-07    0.0000E+00   -1.6185E-06    0.0000E+00
   709    9.2900E-07    0.0000E+00    1.6001E-06    0.0000E+00
   710    4.0868E-07    0.0000E+00   -1.6102E-06    0.0000E+00
   711    3.3811E-07    0.0000E+00    1.0908E-06    0.0000E+00
   712   -6.5712E-08    0.0000E+00    2.3377E-06    0.0000E+00
   713   -3.0417E-07    0.0000E+00   -1.5351E-06    0.0000E+00
   714    4.4681E-08    0.0000E+00   -2.6791E-07    0.0000E+00
   715    1.8059E-08    0.0000E+00    2.3642E-06    0.0000E+00
   716    1.4952E-06    0.0000E+00    4.2273E-06    0.0000E+00
   717    7.6011E-08    0.0000E+00    4.6885E-06    0.0000E+00
   718   -1.0570E-06    0.0000E+00   -1.5732E-06    0.0000E+00
   719   -1.0246E-06    0.0000E+00   -5.7810E-06    0.0000E+00
   720    7.3476E-07    0.0000E+00   -3.7170E-06    0.0000E+00
   721    1.4077E-06    0.0000E+00    2.4651E-06    0.0000E+00
   722    2.1067E-07    0.0000E+00    3.4459E-08    0.0000E+00
   723    7.7069E-07    0.0000E+00   -7.3938E-07    0.0000E+00
   724   -7.0311E-08    0.0000E+00   -2.9110E-07    0.0000E+00
   725   -9.1793E-09    0.0000E+00   -3.7608E-07    0.0000E+00
   726    1.0057E-06    0.0000E+00    1.1262E-06    0.0000E+00
   727   -6.5197E-08    0.0000E+00    1.0714E-06    0.0000E+00
   728    4.5502E-07    0.0000E+00    1.9238E-07    0.0000E+00
   729    7.8561E-07    0.0000E+00    2.0000E-06    0.0000E+00
   730   -2.9566E-07    0.0000E+00   -4.6252E-07    0.0000E+00
   731    6.5875E-07    0.0000E+00   -1.7588E-06    0.0000E+00
   732    5.2421E-07    0.0000E+00    1.8987E-06    0.0000E+00
   733   -1.6699E-06    0.0000E+00    1.1489E-07    0.0000E+00
   734    3.5288E-06    0.0000E+00    1.6131E-06    0.0000E+00
   735   -1.4392E-06    0.0000E+00   -1.6805E-06    0.0000E+00
   736   -8.6699E-07    0.0000E+00    1.6638E-06    0.0000E+00
   737   -2.3498E-07    0.0000E+00   -1.8556E-06    0.0000E+00
   738   -2.6119E-06    0.0000E+00   -3.3703E-07    0.0000E+00
   739   -5.9265E-06    0.0000E+00   -6.8834E-07    0.0000E+00
   740    5.9793E-06    0.0000E+00    8.9166E-06    0.0000E+00
   741    8.6711E-06    0.0000E+00    1.0018E-05    0.0000E+00
   742    4.0270E-08    0.0000E+00    8.3612E-07    0.0000E+00
   743   -7.3481E-06    0.0000E+00   -1.1076E-06    0.0000E+00
   744   -6.3566E-06    0.0000E+00    3.6837E-06    0.0000E+00
   745   -6.4809E-07    0.0000E+00    7.4141E-06    0.0000E+00
   746   -1.4051E-06    0.0000E+00    1.1350E-06    0.0000E+00
   747   -9.9110E-07    0.0000E+00   -1.1319E-06    0.0000E+00
   748   -2.1190E-06    0.0000E+00    8.1197E-07    0.0000E+00
   749   -1.9991E-06    0.0000E+00    1.0455E-06    0.0000E+00
   750    8.4311E-07    0.0000E+00   -2.1433E-07    0.0000E+00
   751    7.2765E-07    0.0000E+00   -1.5426E-07    0.0000E+00
   752   -6.9372E-07    0.0000E+00   -3.7258E-07    0.0000E+00
   753   -2.7575E-08    0.0000E+00    9.5648E-07    0.0000E+00
   754   -1.1129E-07    0.0000E+00    1.5751E-07    0.0000E+00
   755    6.5224E-07    0.0000E+00   -8.5467E-07    0.0000E+00
   756    4.4762E-07    0.0000E+00    1.6186E-06    0.0000E+00
   757   -5.6599E-07    0.0000E+00   -1.4538E-06    0.0000E+00
   758    4.1618E-07    0.0000E+00    9.2714E-07    0.0000E+00
   759   -8.6300E-09    0.0000E+00   -6.6693E-08    0.0000E+00
   760   -1.8903E-07    0.0000E+00   -6.7124E-07    0.0000E+00
   761   -7.5561E-08    0.0000E+00   -2.0494E-07    0.0000E+00
   762   -9.9137E-09    0.0000E+00    3.4544E-07    0.0000E+00
   763   -1.2990E-07    0.0000E+00   -1.6609E-06    0.0000E+00
   764   -5.9141E-07    0.0000E+00    6.0543E-07    0.0000E+00
   765   -4.5558E-08    0.0000E+00    6.0636E-07    0.0000E+00
   766   -1.5730E-07    0.0000E+00   -1.8950E-06    0.0000E+00
   767   -2.7398E-07    0.0000E+00   -3.4570E-06    0.0000E+00
   768   -5.5298E-09    0.0000E+00   -8.6894E-07    0.0000E+00
   769    3.2827E-07    0.0000E+00    2.5036E-06    0.0000E+00
   770    1.7639E-08    0.0000E+00    1.9137E-06    0.0000E+00
   771   -3.4302E-07    0.0000E+00    1.4288E-06    0.0000E+00
   772    2.8353E-07    0.0000E+00    2.8535E-07    0.0000E+00
   773   -2.9911E-07    0.0000E+00    2.6616E-07    0.0000E+00
   774   -2.6354E-07    0.0000E+00   -4.6935E-07    0.0000E+00
   775   -2.8807E-08    0.0000E+00    1.6576E-08    0.0000E+00
   776   -4.5487E-07    0.0000E+00    3.6626E-07    0.0000E+00
   777    3.1941E-07    0.0000E+00    6.2146E-07    0.0000E+00
   778   -3.0455E-07    0.0000E+00    1.2453E-06    0.0000E+00
   779   -9.5144E-07    0.0000E+00    7.5737E-07    0.0000E+00
   780    4.0390E-07    0.0000E+00   -2.6265E-07    0.0000E+00
   781    8.6721E-07    0.0000E+00    6.1569E-07    0.0000E+00
   782   -1.8946E-06    0.0000E+00   -5.8708E-07    0.0000E+00
   783   -2.5847E-07    0.0000E+00    7.5639E-07    0.0000E+00
   784   -5.8624E-07    0.0000E+00    2.6236E-07    0.0000E+00
   785    9.0276E-07    0.0000E+00    1.0068E-07    0.0000E+00
   786    1.5011E-06    0.0000E+00   -2.9323E-07    0.0000E+00
   787   -3.9563E-06    0.0000E+00   -4.6443E-07    0.0000E+00
   788    2.2791E-06    0.0000E+00   -6.0347E-06    0.0000E+00
   789    1.1341E-06    0.0000E+00    1.0190E-06    0.0000E+00
   790   -1.4212E-05    0.0000E+00    4.2632E-06    0.0000E+00
   791   -6.6678E-06    0.0000E+00    2.9995E-06    0.0000E+00
   792    5.1759E-07    0.0000E+00    4.0529E-06    0.0000E+00
   793   -5.0813E-08    0.0000E+00    2.5060E-06    0.0000E+00
   794   -3.0746E-06    0.0000E+00    1.5360E-06    0.0000E+00
   795   -3.9170E-06    0.0000E+00    5.8164E-07    0.0000E+00
   796    1.0082E-06    0.0000E+00   -2.2150E-07    0.0000E+00
   797    9.7937E-07    0.0000E+00   -9.1055E-07    0.0000E+00
   798   -1.2920E-06    0.0000E+00   -1.2401E-06    0.0000E+00
   799   -8.5569E-07    0.0000E+00   -3.5892E-07    0.0000E+00
   800   -9.9373E-08    0.0000E+00    2.5527E-07    0.0000E+00
   801    4.5054E-08    0.0000E+00    3.5791E-07    0.0000E+00
   802   -1.8753E-08    0.0000E+00   -2.9741E-07    0.0000E+00
   803   -8.2804E-07    0.0000E+00   -2.7761E-07    0.0000E+00
   804   -5.6143E-07    0.0000E+00    2.1333E-07    0.0000E+00
   805   -2.0649E-07    0.0000E+00    9.2402E-07    0.0000E+00
   806   -3.4593E-07    0.0000E+00    1.8975E-07    0.0000E+00
   807   -1.8881E-07    0.0000E+00   -4.5476E-07    0.0000E+00
   808   -4.8405E-07    0.0000E+00    6.1806E-07    0.0000E+00
   809   -1.8250E-08    0.0000E+00   -1.0461E-06    0.0000E+00
   810    1.0847E-07    0.0000E+00    9.9301E-07    0.0000E+00
   811   -1.7360E-07    0.0000E+00   -6.9536E-07    0.0000E+00
   812    5.8521E-07    0.0000E+00   -1.7623E-07    0.0000E+00
   813   -2.7393E-07    0.0000E+00    4.1812E-06    0.0000E+00
   814    1.7831E-07    0.0000E+00   -4.6216E-06    0.0000E+00
   815   -1.4727E-06    0.0000E+00    3.3772E-06    0.0000E+00
   816    9.3874E-08    0.0000E+00    1.7921E-06    0.0000E+00
   817    1.5132E-06    0.0000E+00   -1.0454E-06    0.0000E+00
   818    1.2900E-06    0.0000E+00   -5.4317E-07    0.0000E+00
   819   -2.7105E-07    0.0000E+00    1.9438E-06    0.0000E+00
   820   -8.1467E-07    0.0000E+00    2.6658E-06    0.0000E+00
   821   -2.4189E-07    0.0000E+00   -9.1414E-08    0.0000E+00
   822   -3.5893E-07    0.0000E+00    2.4801E-09    0.0000E+00
   823   -1.2967E-07    0.0000E+00    2.2234E-07    0.0000E+00
   824    9.5310E-08    0.0000E+00   -4.1907E-07    0.0000E+00
   825   -1.8458E-07    0.0000E+00    4.0384E-07    0.0000E+00
   826   -2.9482E-07    0.0000E+00    6.8073E-07    0.0000E+00
   827   -2.0949E-07    0.0000E+00    1.5716E-07    0.0000E+00
   828    4.2393E-08    0.0000E+00    6.7030E-07    0.0000E+00
   829   -2.3501E-07    0.0000E+00   -1.6236E-07    0.0000E+00
   830   -6.6272E-07    0.0000E+00   -2.1256E-07    0.0000E+00
   831   -1.2085E-08    0.0000E+00    3.4816E-07    0.0000E+00
   832    1.1967E-06    0.0000E+00   -3.3639E-07    0.0000E+00
   833   -1.2273E-06    0.0000E+00    4.2367E-08    0.0000E+00
   834    1.7101E-07    0.0000E+00   -9.9685E-09    0.0000E+00
   835    4.3682E-07    0.0000E+00    1.6462E-07    0.0000E+00
   836   -1.1171E-06    0.0000E+00    5.6164E-07    0.0000E+00
   837    1.7942E-06    0.0000E+00   -9.3335E-07    0.0000E+00
   838    5.8576E-06    0.0000E+00   -9.5149E-07    0.0000E+00
   839    9.9686E-07    0.0000E+00   -1.5158E-06    0.0000E+00
   840   -1.9790E-06    0.0000E+00    9.4927E-07    0.0000E+00
   841   -5.2242E-06    0.0000E+00    9.9729E-07    0.0000E+00
   842   -4.6709E-06    0.0000E+00    2.6605E-07    0.0000E+00
   843   -4.0819E-06    0.0000E+00   -4.5826E-07    0.0000E+00
   844   -2.2419E-06    0.0000E+00   -1.9341E-07    0.0000E+00
   845   -7.7124E-07    0.0000E+00   -5.5070E-07    0.0000E+00
   846   -8.4577E-07    0.0000E+00   -2.0368E-07    0.0000E+00
   847    1.1036E-06    0.0000E+00    1.2844E-07    0.0000E+00
   848    1.2666E-06    0.0000E+00   -5.3958E-07    0.0000E+00
   849   -2.1607E-08    0.0000E+00   -5.2474E-08    0.0000E+00
   850   -2.9013E-07    0.0000E+00    3.4179E-07    0.0000E+00
   851   -2.0582E-07    0.0000E+00   -3.9322E-07    0.0000E+00
   852    7.8755E-08    0.0000E+00   -9.5126E-09    0.0000E+00
   853    4.8720E-07    0.0000E+00   -1.6952E-07    0.0000E+00
   854   -3.0681E-07    0.0000E+00   -2.8454E-07    0.0000E+00
   855   -5.0964E-07    0.0000E+00    1.5169E-07    0.0000E+00
   856    2.7501E-07    0.0000E+00   -1.7276E-07    0.0000E+00
   857   -1.0512E-07    0.0000E+00   -4.2169E-07    0.0000E+00
   858    4.8124E-08    0.0000E+00    8.8070E-07    0.0000E+00
