           2  -1.5794050776141195     
           3  -1.6026015977736885     
           4  -1.6187602945835409     
           5  -1.6319863329909823     
           6  -1.6435104886435743     
           7  -1.6538802558252899     
           8  -1.6634018700484614     
           9  -1.6722659982148778     
          10  -1.6806019827194609     
          11  -1.6884994754993898     
          12  -1.6960265583976302     
          13  -1.7032368094851076     
          14  -1.7101734681144327     
          15  -1.7168676964908165     
          16  -1.7233482411493757     
          17  -1.7296369628309303     
          18  -1.7357533805952996     
          19  -1.7417144221030236     
          20  -1.7475340597483668     
          21  -1.7532247899237849     
          22  -1.7587968764742661     
          23  -1.7642602868481654     
          24  -1.7696229445586058     
          25  -1.7748918034700512     
          26  -1.7800730543740870     
          27  -1.7851722384947746     
          28  -1.7901939619234248     
          29  -1.7951446304888725     
          30  -1.8000280166997753     
          31  -1.8048476765574550     
          32  -1.8096071650242487     
          33  -1.8143098294629763     
          34  -1.8189588330510704     
          35  -1.8235560081460360     
          36  -1.8281040493968006     
          37  -1.8326055055644650     
          38  -1.8370625062812640     
          39  -1.8414768717464429     
          40  -1.8458507592862239     
          41  -1.8501858501218116     
          42  -1.8544838132551251     
          43  -1.8587464203491233     
          44  -1.8629750965610188     
          45  -1.8671707018824042     
          46  -1.8713343993859033     
          47  -1.8754676617070809     
          48  -1.8795715851889105     
          49  -1.8836472307271275     
          50  -1.8876957344116005     
          51  -1.8917179222434091     
          52  -1.8957147014512485     
          53  -1.8996870134648824     
          54  -1.9036356552572766     
          55  -1.9075609271706913     
          56  -1.9114634833943727     
          57  -1.9153441723493494     
          58  -1.9192035928965843     
          59  -1.9230423602528557     
          60  -1.9268610374603703     
          61  -1.9306606309777412     
          62  -1.9344417633472266     
          63  -1.9382044537138714     
          64  -1.9419494095275991     
          65  -1.9456767950885281     
          66  -1.9493867806875458     
          67  -1.9530792729180182     
          68  -1.9567553140100302     
          69  -1.9604150937295637     
          70  -1.9640593088075720     
          71  -1.9676871572943098     
          72  -1.9712986824968071     
          73  -1.9748944167273845     
          74  -1.9784751974621724     
          75  -1.9820414059373486     
          76  -1.9855936919772967     
          77  -1.9891308639175089     
          78  -1.9926535413288977     
          79  -1.9961618488576951     
          80  -1.9996559378669261     
          81  -2.0031362466405476     
          82  -2.0066031086683846     
          83  -2.0100547044641468     
          84  -2.0134923283938000     
          85  -2.0169158019961584     
          86  -2.0203254662997661     
          87  -2.0237211965772657     
          88  -2.0271031100163075     
          89  -2.0304712575077324     
          90  -2.0338279954747263     
          91  -2.0371735015347769     
          92  -2.0405079462664721     
          93  -2.0438295042129475     
          94  -2.0471367198999895     
          95  -2.0504309542903383     
          96  -2.0537244767177918     
          97  -2.0569982626711112     
          98  -2.0602609647101588     
          99  -2.0635109306007910     
         100  -2.0667463588200716     
         101  -2.0699705225088523     
