  VMEC2000 V8.51
     MN       GMNC         GMNS           BMNC          BMNS
     1   -8.6847E-03    0.0000E+00    9.3935E-01    0.0000E+00
     2   -1.3949E-03    0.0000E+00    2.0570E-02    0.0000E+00
     3    3.3516E-05    0.0000E+00   -1.7236E-02    0.0000E+00
     4   -1.0958E-06    0.0000E+00   -5.4714E-03    0.0000E+00
     5    3.7997E-06    0.0000E+00    6.8587E-04    0.0000E+00
     6   -1.2314E-05    0.0000E+00   -1.8272E-03    0.0000E+00
     7    1.0771E-05    0.0000E+00    1.2909E-03    0.0000E+00
     8   -3.3172E-06    0.0000E+00   -1.6452E-04    0.0000E+00
     9    1.0132E-06    0.0000E+00    1.0649E-04    0.0000E+00
    10   -2.2533E-06    0.0000E+00   -5.6533E-05    0.0000E+00
    11    4.2874E-06    0.0000E+00    2.5611E-04    0.0000E+00
    12    5.1373E-06    0.0000E+00    5.0704E-04    0.0000E+00
    13   -2.7457E-06    0.0000E+00   -1.0163E-04    0.0000E+00
    14   -1.6987E-06    0.0000E+00   -1.7383E-04    0.0000E+00
    15    2.6314E-06    0.0000E+00    3.3389E-04    0.0000E+00
    16    2.2959E-06    0.0000E+00    2.4791E-04    0.0000E+00
    17    7.0334E-07    0.0000E+00    1.7271E-04    0.0000E+00
    18    5.0291E-08    0.0000E+00    1.8263E-05    0.0000E+00
    19    4.7802E-08    0.0000E+00    6.7621E-05    0.0000E+00
    20    1.9317E-08    0.0000E+00    1.2365E-04    0.0000E+00
    21    2.0290E-07    0.0000E+00    2.2560E-05    0.0000E+00
    22   -2.2175E-08    0.0000E+00    1.1084E-04    0.0000E+00
    23    4.6737E-07    0.0000E+00    1.0359E-04    0.0000E+00
    24    2.2785E-06    0.0000E+00    3.4547E-04    0.0000E+00
    25   -4.1712E-07    0.0000E+00   -2.3261E-04    0.0000E+00
    26   -2.5887E-07    0.0000E+00    7.7339E-05    0.0000E+00
    27   -2.7426E-06    0.0000E+00    6.7088E-05    0.0000E+00
    28   -6.3046E-06    0.0000E+00    3.2593E-05    0.0000E+00
    29    4.5961E-06    0.0000E+00    1.2184E-05    0.0000E+00
    30   -1.2212E-05    0.0000E+00   -2.0798E-05    0.0000E+00
    31   -2.2671E-06    0.0000E+00   -2.3344E-06    0.0000E+00
    32   -8.1883E-06    0.0000E+00   -1.7259E-05    0.0000E+00
    33   -1.6343E-05    0.0000E+00    7.7625E-06    0.0000E+00
    34    7.7601E-06    0.0000E+00    1.0561E-05    0.0000E+00
    35   -1.7603E-05    0.0000E+00   -3.1574E-05    0.0000E+00
    36   -7.0932E-06    0.0000E+00   -3.9371E-04    0.0000E+00
    37   -9.7851E-06    0.0000E+00   -1.0564E-03    0.0000E+00
    38   -2.1655E-05    0.0000E+00   -1.0343E-03    0.0000E+00
    39   -3.1627E-06    0.0000E+00    2.7690E-04    0.0000E+00
    40   -9.8508E-06    0.0000E+00    9.1557E-04    0.0000E+00
    41   -2.9200E-05    0.0000E+00   -3.6506E-04    0.0000E+00
    42    3.0981E-05    0.0000E+00   -5.8768E-05    0.0000E+00
    43    6.3943E-06    0.0000E+00   -1.9339E-04    0.0000E+00
    44   -4.8294E-05    0.0000E+00   -2.4135E-04    0.0000E+00
    45    3.0609E-05    0.0000E+00    6.5027E-04    0.0000E+00
    46   -2.9548E-05    0.0000E+00   -1.0085E-03    0.0000E+00
    47    7.2266E-05    0.0000E+00    5.7591E-04    0.0000E+00
    48   -6.7164E-05    0.0000E+00   -2.3910E-03    0.0000E+00
    49    4.2390E-04    0.0000E+00   -5.2885E-04    0.0000E+00
    50    1.1537E-04    0.0000E+00    1.4491E-02    0.0000E+00
    51   -5.1132E-04    0.0000E+00   -9.0057E-02    0.0000E+00
    52   -2.2073E-04    0.0000E+00   -1.2500E-02    0.0000E+00
    53    1.5491E-05    0.0000E+00    1.4259E-03    0.0000E+00
    54   -3.8245E-05    0.0000E+00    6.5617E-05    0.0000E+00
    55    2.8333E-06    0.0000E+00   -8.3182E-04    0.0000E+00
    56    2.1662E-05    0.0000E+00    1.2302E-04    0.0000E+00
    57   -5.8833E-05    0.0000E+00    8.7553E-05    0.0000E+00
    58    6.3477E-06    0.0000E+00   -1.1506E-04    0.0000E+00
    59    6.4826E-06    0.0000E+00    2.0944E-04    0.0000E+00
    60   -2.6850E-05    0.0000E+00   -3.7854E-04    0.0000E+00
    61   -9.0801E-06    0.0000E+00    1.8500E-04    0.0000E+00
    62   -2.4249E-06    0.0000E+00   -4.2529E-05    0.0000E+00
    63   -1.6848E-05    0.0000E+00    2.3611E-05    0.0000E+00
    64    7.6605E-06    0.0000E+00    4.1614E-04    0.0000E+00
    65   -1.4262E-05    0.0000E+00    2.9955E-04    0.0000E+00
    66   -8.3630E-06    0.0000E+00    7.9664E-05    0.0000E+00
    67    1.1872E-06    0.0000E+00   -2.9673E-05    0.0000E+00
    68   -1.1474E-05    0.0000E+00    1.1395E-06    0.0000E+00
    69    3.9253E-07    0.0000E+00   -1.7582E-05    0.0000E+00
    70   -1.2333E-05    0.0000E+00   -4.5603E-06    0.0000E+00
    71   -2.7873E-06    0.0000E+00    2.2959E-05    0.0000E+00
    72   -3.5805E-06    0.0000E+00   -1.9296E-05    0.0000E+00
    73   -4.6685E-06    0.0000E+00   -2.2292E-04    0.0000E+00
    74   -1.2992E-05    0.0000E+00   -5.7937E-04    0.0000E+00
    75    4.4643E-07    0.0000E+00    4.8420E-05    0.0000E+00
    76   -3.9590E-07    0.0000E+00   -2.7798E-05    0.0000E+00
    77    2.2282E-07    0.0000E+00   -2.3107E-05    0.0000E+00
    78   -3.4054E-07    0.0000E+00   -9.4752E-05    0.0000E+00
    79    7.3017E-07    0.0000E+00    3.1636E-05    0.0000E+00
    80    2.0841E-06    0.0000E+00   -8.4160E-05    0.0000E+00
    81    3.2422E-07    0.0000E+00   -3.2996E-06    0.0000E+00
    82    3.5431E-06    0.0000E+00   -2.6430E-05    0.0000E+00
    83    8.6119E-07    0.0000E+00   -8.7065E-05    0.0000E+00
    84    1.1554E-06    0.0000E+00    5.0868E-05    0.0000E+00
    85    3.0667E-06    0.0000E+00   -2.6433E-04    0.0000E+00
    86   -3.4832E-06    0.0000E+00   -7.1295E-04    0.0000E+00
    87   -7.5596E-06    0.0000E+00   -1.2215E-03    0.0000E+00
    88   -7.7958E-06    0.0000E+00   -7.8427E-04    0.0000E+00
    89    3.0924E-06    0.0000E+00    8.3871E-04    0.0000E+00
    90    1.6514E-05    0.0000E+00    8.7597E-04    0.0000E+00
    91   -5.5674E-06    0.0000E+00   -1.2983E-03    0.0000E+00
    92   -8.5696E-06    0.0000E+00    5.8474E-04    0.0000E+00
    93    5.1406E-06    0.0000E+00   -4.7515E-04    0.0000E+00
    94    5.6852E-06    0.0000E+00   -1.6766E-04    0.0000E+00
    95   -1.0900E-06    0.0000E+00    3.3781E-04    0.0000E+00
    96   -8.9623E-06    0.0000E+00   -7.5952E-04    0.0000E+00
    97   -4.6759E-06    0.0000E+00    5.5158E-04    0.0000E+00
    98   -2.7985E-05    0.0000E+00    3.5409E-04    0.0000E+00
    99   -1.9845E-04    0.0000E+00    2.5931E-03    0.0000E+00
   100   -2.4075E-04    0.0000E+00   -1.5873E-03    0.0000E+00
   101    6.0998E-05    0.0000E+00    4.0851E-03    0.0000E+00
   102    1.9048E-05    0.0000E+00   -4.4339E-04    0.0000E+00
   103   -4.3478E-06    0.0000E+00    2.5577E-04    0.0000E+00
   104    6.9599E-06    0.0000E+00    4.7941E-05    0.0000E+00
   105   -7.3490E-06    0.0000E+00    5.7647E-05    0.0000E+00
   106    9.4677E-06    0.0000E+00    4.7278E-04    0.0000E+00
   107    6.0014E-06    0.0000E+00   -5.3517E-04    0.0000E+00
   108   -2.6373E-06    0.0000E+00    2.2750E-04    0.0000E+00
   109   -2.0138E-06    0.0000E+00   -3.0874E-04    0.0000E+00
   110    8.2770E-06    0.0000E+00    1.2525E-04    0.0000E+00
   111    1.4912E-06    0.0000E+00   -7.3590E-05    0.0000E+00
   112    1.7513E-06    0.0000E+00    1.2639E-04    0.0000E+00
   113    1.2965E-06    0.0000E+00   -1.5773E-04    0.0000E+00
   114   -1.1944E-06    0.0000E+00   -3.0359E-04    0.0000E+00
   115    1.2149E-06    0.0000E+00   -4.1665E-04    0.0000E+00
   116   -9.6277E-07    0.0000E+00   -1.4540E-04    0.0000E+00
   117    1.0628E-06    0.0000E+00    3.0850E-07    0.0000E+00
   118    1.2362E-06    0.0000E+00   -3.7249E-05    0.0000E+00
   119    1.5023E-06    0.0000E+00    2.6791E-05    0.0000E+00
   120    2.3507E-06    0.0000E+00   -9.4148E-05    0.0000E+00
   121    2.0264E-07    0.0000E+00   -5.4075E-05    0.0000E+00
   122   -4.3162E-07    0.0000E+00   -6.6778E-05    0.0000E+00
   123    1.2535E-06    0.0000E+00    3.2053E-04    0.0000E+00
   124    1.3199E-08    0.0000E+00    1.3691E-04    0.0000E+00
   125   -9.3080E-07    0.0000E+00   -2.9446E-05    0.0000E+00
   126   -1.4405E-06    0.0000E+00   -1.3549E-05    0.0000E+00
   127   -2.1028E-07    0.0000E+00    1.3627E-05    0.0000E+00
   128   -6.5438E-07    0.0000E+00    1.1472E-05    0.0000E+00
   129   -7.4655E-07    0.0000E+00   -6.3134E-06    0.0000E+00
   130    2.0556E-08    0.0000E+00    6.4095E-06    0.0000E+00
   131   -9.1899E-07    0.0000E+00   -5.8377E-06    0.0000E+00
   132   -2.0643E-07    0.0000E+00    2.0260E-05    0.0000E+00
   133   -1.3231E-07    0.0000E+00    3.0012E-05    0.0000E+00
   134   -1.0509E-06    0.0000E+00   -8.1206E-06    0.0000E+00
   135   -3.6881E-08    0.0000E+00   -9.3013E-05    0.0000E+00
   136   -3.1497E-06    0.0000E+00   -4.2286E-04    0.0000E+00
   137   -5.2782E-06    0.0000E+00   -6.2582E-04    0.0000E+00
   138   -4.1992E-06    0.0000E+00   -2.2171E-04    0.0000E+00
   139    1.8445E-06    0.0000E+00    7.9253E-04    0.0000E+00
   140    2.0915E-06    0.0000E+00    1.5527E-04    0.0000E+00
   141   -2.1434E-06    0.0000E+00   -5.6513E-04    0.0000E+00
   142    1.4270E-07    0.0000E+00    3.2224E-04    0.0000E+00
   143   -5.8921E-06    0.0000E+00   -4.6503E-04    0.0000E+00
   144    1.1725E-06    0.0000E+00    2.5071E-04    0.0000E+00
   145    7.3047E-06    0.0000E+00   -1.3860E-04    0.0000E+00
   146   -5.9247E-06    0.0000E+00    8.8582E-06    0.0000E+00
   147    3.2827E-05    0.0000E+00   -1.3610E-04    0.0000E+00
   148   -1.7284E-05    0.0000E+00   -2.0103E-03    0.0000E+00
   149   -3.9656E-05    0.0000E+00    2.5769E-04    0.0000E+00
   150   -2.9257E-04    0.0000E+00   -3.7106E-03    0.0000E+00
   151   -3.4787E-05    0.0000E+00    1.8866E-03    0.0000E+00
   152    4.4355E-06    0.0000E+00    4.6684E-04    0.0000E+00
   153   -4.7943E-06    0.0000E+00   -2.5839E-04    0.0000E+00
   154    8.9491E-07    0.0000E+00   -6.5089E-06    0.0000E+00
   155   -5.1420E-07    0.0000E+00   -1.5839E-05    0.0000E+00
   156   -2.3092E-06    0.0000E+00   -5.3599E-05    0.0000E+00
   157    9.1671E-07    0.0000E+00    1.1382E-04    0.0000E+00
   158   -5.9557E-07    0.0000E+00   -4.1809E-05    0.0000E+00
   159   -1.1533E-06    0.0000E+00   -5.5368E-05    0.0000E+00
   160   -2.2215E-07    0.0000E+00    1.6883E-04    0.0000E+00
   161   -1.5056E-06    0.0000E+00   -8.9993E-05    0.0000E+00
   162   -4.8443E-07    0.0000E+00   -1.3395E-04    0.0000E+00
   163   -1.3412E-07    0.0000E+00    1.4740E-04    0.0000E+00
   164   -4.6880E-07    0.0000E+00    2.3852E-04    0.0000E+00
   165    1.2308E-06    0.0000E+00    1.9507E-04    0.0000E+00
   166   -1.2569E-08    0.0000E+00    5.4874E-05    0.0000E+00
   167   -4.3605E-07    0.0000E+00   -1.1593E-05    0.0000E+00
   168   -1.0964E-07    0.0000E+00    7.3342E-06    0.0000E+00
   169   -9.6338E-07    0.0000E+00   -2.3266E-05    0.0000E+00
   170    1.3698E-07    0.0000E+00    5.0948E-05    0.0000E+00
   171    4.8978E-07    0.0000E+00    7.2704E-05    0.0000E+00
   172    5.1454E-07    0.0000E+00    9.7583E-05    0.0000E+00
   173   -1.8449E-07    0.0000E+00   -9.0958E-05    0.0000E+00
   174    7.1842E-07    0.0000E+00    2.0726E-06    0.0000E+00
   175    1.3897E-06    0.0000E+00   -2.3593E-06    0.0000E+00
   176    1.4231E-06    0.0000E+00    4.1822E-06    0.0000E+00
   177    8.1053E-07    0.0000E+00   -9.0576E-07    0.0000E+00
   178    2.0103E-07    0.0000E+00    2.5879E-05    0.0000E+00
   179   -4.6130E-07    0.0000E+00   -9.2765E-06    0.0000E+00
   180   -4.2397E-07    0.0000E+00   -1.3327E-05    0.0000E+00
   181   -7.3740E-07    0.0000E+00   -3.9912E-07    0.0000E+00
   182   -5.2876E-07    0.0000E+00   -3.4189E-06    0.0000E+00
   183    2.3403E-07    0.0000E+00    2.6404E-05    0.0000E+00
   184   -7.5553E-07    0.0000E+00    2.5336E-05    0.0000E+00
   185   -5.2183E-07    0.0000E+00   -4.4451E-05    0.0000E+00
   186   -1.6845E-06    0.0000E+00   -1.9769E-04    0.0000E+00
   187   -2.4386E-06    0.0000E+00   -2.8580E-04    0.0000E+00
   188    2.6698E-07    0.0000E+00    1.7074E-05    0.0000E+00
   189    1.3667E-06    0.0000E+00    4.2722E-04    0.0000E+00
   190   -2.7074E-06    0.0000E+00   -2.7528E-04    0.0000E+00
   191    3.0567E-06    0.0000E+00   -5.0992E-05    0.0000E+00
   192    1.1144E-06    0.0000E+00    9.5309E-05    0.0000E+00
   193   -4.8993E-06    0.0000E+00   -2.0305E-04    0.0000E+00
   194   -5.2708E-07    0.0000E+00    1.1448E-04    0.0000E+00
   195   -1.2568E-05    0.0000E+00   -6.9298E-05    0.0000E+00
   196    1.7065E-05    0.0000E+00    1.6326E-04    0.0000E+00
   197   -2.4986E-06    0.0000E+00    1.7972E-04    0.0000E+00
   198    5.5736E-05    0.0000E+00    5.2883E-04    0.0000E+00
   199    1.1270E-04    0.0000E+00    4.8485E-04    0.0000E+00
   200    7.0765E-05    0.0000E+00   -2.3789E-04    0.0000E+00
   201    1.4266E-05    0.0000E+00    3.0795E-05    0.0000E+00
   202   -8.5871E-06    0.0000E+00   -1.8923E-04    0.0000E+00
   203   -5.0771E-06    0.0000E+00   -3.2178E-05    0.0000E+00
   204    4.1773E-07    0.0000E+00   -5.8148E-05    0.0000E+00
   205    5.7247E-07    0.0000E+00    7.1286E-05    0.0000E+00
   206   -3.1502E-06    0.0000E+00   -1.0036E-04    0.0000E+00
   207    1.1114E-06    0.0000E+00    3.2001E-05    0.0000E+00
   208   -6.7858E-07    0.0000E+00   -6.3520E-06    0.0000E+00
   209   -1.4162E-06    0.0000E+00    1.1980E-05    0.0000E+00
   210   -2.5224E-07    0.0000E+00   -1.2010E-04    0.0000E+00
   211    4.5383E-08    0.0000E+00    9.4569E-05    0.0000E+00
   212   -6.5017E-07    0.0000E+00    1.5147E-06    0.0000E+00
   213   -5.0646E-09    0.0000E+00   -1.2777E-04    0.0000E+00
   214   -9.4934E-07    0.0000E+00   -1.6168E-04    0.0000E+00
   215   -4.1729E-07    0.0000E+00   -7.1776E-05    0.0000E+00
   216    1.6841E-08    0.0000E+00    2.2593E-06    0.0000E+00
   217   -5.4571E-07    0.0000E+00   -1.2905E-05    0.0000E+00
   218   -1.3839E-08    0.0000E+00    1.8246E-05    0.0000E+00
   219   -7.0067E-07    0.0000E+00    1.5158E-05    0.0000E+00
   220   -5.2402E-07    0.0000E+00   -4.8028E-05    0.0000E+00
   221   -2.8382E-07    0.0000E+00   -7.3641E-05    0.0000E+00
   222   -2.9883E-07    0.0000E+00   -4.2291E-05    0.0000E+00
   223    7.4479E-07    0.0000E+00    7.5769E-05    0.0000E+00
   224    1.0100E-06    0.0000E+00   -1.7726E-05    0.0000E+00
   225    7.8165E-07    0.0000E+00   -8.4846E-06    0.0000E+00
   226   -1.2437E-07    0.0000E+00   -9.4730E-08    0.0000E+00
   227    3.8330E-07    0.0000E+00    5.4913E-06    0.0000E+00
   228    9.0790E-07    0.0000E+00    1.1333E-05    0.0000E+00
   229    3.7565E-07    0.0000E+00   -1.4601E-06    0.0000E+00
   230    7.8145E-07    0.0000E+00   -4.7321E-06    0.0000E+00
   231    5.4946E-07    0.0000E+00    1.8256E-06    0.0000E+00
   232    9.7586E-07    0.0000E+00    9.7464E-06    0.0000E+00
   233    7.8096E-07    0.0000E+00    8.4309E-06    0.0000E+00
   234    5.3094E-07    0.0000E+00    1.6514E-05    0.0000E+00
   235    7.2398E-07    0.0000E+00   -2.6632E-05    0.0000E+00
   236   -2.9553E-07    0.0000E+00   -9.8913E-05    0.0000E+00
   237   -7.2981E-07    0.0000E+00   -9.4701E-05    0.0000E+00
   238    2.1937E-06    0.0000E+00    6.6733E-05    0.0000E+00
   239    2.9316E-06    0.0000E+00    1.4033E-04    0.0000E+00
   240   -3.8513E-06    0.0000E+00   -2.3146E-04    0.0000E+00
   241    1.5464E-06    0.0000E+00    9.1882E-05    0.0000E+00
   242   -3.3122E-08    0.0000E+00   -3.7592E-06    0.0000E+00
   243    8.3532E-06    0.0000E+00   -2.2372E-05    0.0000E+00
   244   -5.2417E-06    0.0000E+00   -2.1043E-05    0.0000E+00
   245   -1.3099E-06    0.0000E+00   -3.8012E-05    0.0000E+00
   246   -2.7725E-05    0.0000E+00   -8.3208E-06    0.0000E+00
   247   -1.4427E-05    0.0000E+00    1.3119E-04    0.0000E+00
   248    1.7299E-07    0.0000E+00   -2.6678E-04    0.0000E+00
   249   -2.4077E-05    0.0000E+00   -1.4394E-04    0.0000E+00
   250    3.1317E-06    0.0000E+00    2.6157E-04    0.0000E+00
   251    6.4100E-06    0.0000E+00   -3.2891E-05    0.0000E+00
   252    5.8364E-06    0.0000E+00   -2.1916E-05    0.0000E+00
   253    9.6120E-07    0.0000E+00   -3.0182E-06    0.0000E+00
   254    7.6250E-07    0.0000E+00    2.0231E-05    0.0000E+00
   255   -2.0596E-07    0.0000E+00    3.2862E-06    0.0000E+00
   256    5.8860E-07    0.0000E+00    1.3839E-05    0.0000E+00
   257    1.8076E-06    0.0000E+00   -1.0279E-05    0.0000E+00
   258    1.4545E-06    0.0000E+00   -2.2940E-06    0.0000E+00
   259    6.7758E-07    0.0000E+00    4.2204E-05    0.0000E+00
   260    9.6785E-07    0.0000E+00    2.4186E-05    0.0000E+00
   261    6.9632E-07    0.0000E+00   -2.7093E-05    0.0000E+00
   262    1.0563E-06    0.0000E+00    4.1059E-05    0.0000E+00
   263    8.3375E-07    0.0000E+00    8.7969E-05    0.0000E+00
   264    3.8284E-08    0.0000E+00    6.3873E-05    0.0000E+00
   265    9.1435E-07    0.0000E+00    2.2805E-05    0.0000E+00
   266    5.3703E-07    0.0000E+00   -2.7114E-06    0.0000E+00
   267    5.3851E-07    0.0000E+00    5.1019E-06    0.0000E+00
   268    4.2980E-07    0.0000E+00   -1.4418E-05    0.0000E+00
   269    3.5030E-07    0.0000E+00   -2.0260E-05    0.0000E+00
   270   -1.1565E-08    0.0000E+00    4.7730E-05    0.0000E+00
   271    1.2405E-07    0.0000E+00   -8.8819E-06    0.0000E+00
   272   -8.0740E-07    0.0000E+00   -1.9743E-05    0.0000E+00
   273   -9.8241E-07    0.0000E+00    2.9232E-05    0.0000E+00
   274   -1.8452E-06    0.0000E+00    7.0092E-06    0.0000E+00
   275   -2.2483E-06    0.0000E+00   -4.8403E-06    0.0000E+00
   276   -1.5115E-06    0.0000E+00    3.9053E-06    0.0000E+00
   277   -7.8504E-07    0.0000E+00    4.4392E-06    0.0000E+00
   278   -1.0636E-06    0.0000E+00   -2.0315E-06    0.0000E+00
   279   -7.2117E-07    0.0000E+00   -7.4051E-07    0.0000E+00
   280   -4.5962E-07    0.0000E+00   -6.3450E-06    0.0000E+00
   281   -1.2422E-06    0.0000E+00    2.1424E-06    0.0000E+00
   282   -8.8866E-07    0.0000E+00    1.1350E-06    0.0000E+00
   283   -5.7296E-07    0.0000E+00   -2.3076E-07    0.0000E+00
   284   -1.3900E-06    0.0000E+00    8.9076E-08    0.0000E+00
   285   -9.5269E-07    0.0000E+00   -1.0678E-05    0.0000E+00
   286   -1.4879E-06    0.0000E+00   -2.2600E-05    0.0000E+00
   287   -1.9805E-06    0.0000E+00   -2.9621E-05    0.0000E+00
   288   -2.4845E-08    0.0000E+00    2.5623E-05    0.0000E+00
   289   -1.4593E-06    0.0000E+00    2.6164E-05    0.0000E+00
   290   -1.9831E-06    0.0000E+00   -8.4077E-05    0.0000E+00
   291   -9.9733E-07    0.0000E+00    4.5958E-05    0.0000E+00
   292   -1.7173E-06    0.0000E+00   -1.1077E-05    0.0000E+00
   293   -6.3470E-06    0.0000E+00    1.0407E-05    0.0000E+00
   294    2.8199E-05    0.0000E+00    6.6161E-06    0.0000E+00
   295    9.1604E-06    0.0000E+00    3.8010E-05    0.0000E+00
   296   -2.8071E-05    0.0000E+00   -2.2852E-04    0.0000E+00
   297   -4.0332E-05    0.0000E+00   -5.8934E-05    0.0000E+00
   298    1.9039E-05    0.0000E+00    1.0150E-04    0.0000E+00
   299   -7.5133E-06    0.0000E+00   -7.9455E-05    0.0000E+00
   300   -1.5355E-05    0.0000E+00    1.8689E-05    0.0000E+00
   301   -4.6235E-06    0.0000E+00    7.3429E-06    0.0000E+00
   302   -7.6240E-07    0.0000E+00    7.8964E-06    0.0000E+00
   303   -7.8647E-07    0.0000E+00    1.2392E-05    0.0000E+00
   304    1.2855E-06    0.0000E+00   -1.2117E-06    0.0000E+00
   305   -2.1748E-07    0.0000E+00   -1.5957E-05    0.0000E+00
   306   -2.9063E-06    0.0000E+00    7.5535E-06    0.0000E+00
   307   -1.1726E-06    0.0000E+00    8.1963E-06    0.0000E+00
   308   -6.7844E-07    0.0000E+00   -3.9776E-06    0.0000E+00
   309   -1.7499E-06    0.0000E+00   -2.4802E-05    0.0000E+00
   310   -1.1196E-06    0.0000E+00   -2.6826E-06    0.0000E+00
   311   -1.4044E-06    0.0000E+00   -1.0168E-05    0.0000E+00
   312   -1.2189E-06    0.0000E+00   -3.7330E-05    0.0000E+00
   313   -6.6119E-07    0.0000E+00   -3.9894E-05    0.0000E+00
   314   -1.2260E-06    0.0000E+00   -2.1184E-05    0.0000E+00
   315   -1.2365E-06    0.0000E+00    1.4093E-06    0.0000E+00
   316   -8.9972E-07    0.0000E+00   -1.0052E-05    0.0000E+00
   317   -6.4202E-07    0.0000E+00    3.6680E-06    0.0000E+00
   318   -2.9682E-07    0.0000E+00    7.2994E-06    0.0000E+00
   319   -4.4806E-08    0.0000E+00    8.1519E-06    0.0000E+00
   320   -9.7319E-07    0.0000E+00    1.3024E-06    0.0000E+00
   321    2.7005E-07    0.0000E+00    8.3721E-07    0.0000E+00
   322    8.1876E-08    0.0000E+00   -1.4515E-05    0.0000E+00
   323   -6.0848E-07    0.0000E+00   -4.3866E-06    0.0000E+00
   324    2.6943E-07    0.0000E+00    1.2317E-06    0.0000E+00
   325    9.3450E-07    0.0000E+00   -9.0459E-06    0.0000E+00
   326    4.6822E-07    0.0000E+00   -2.4302E-06    0.0000E+00
   327   -2.3438E-07    0.0000E+00    3.7116E-06    0.0000E+00
   328    9.9724E-08    0.0000E+00   -6.8175E-06    0.0000E+00
   329   -1.4165E-07    0.0000E+00    1.0389E-06    0.0000E+00
   330    4.6857E-07    0.0000E+00   -1.9683E-07    0.0000E+00
   331   -2.6442E-07    0.0000E+00   -4.2601E-06    0.0000E+00
   332    9.7940E-09    0.0000E+00    3.9461E-06    0.0000E+00
   333    3.4311E-07    0.0000E+00    2.8016E-06    0.0000E+00
   334    3.1414E-07    0.0000E+00    9.4634E-07    0.0000E+00
   335   -1.6080E-07    0.0000E+00   -7.1322E-07    0.0000E+00
   336   -1.2084E-06    0.0000E+00   -8.5299E-06    0.0000E+00
   337    9.1318E-07    0.0000E+00   -2.6764E-07    0.0000E+00
   338    2.1236E-06    0.0000E+00    1.1774E-05    0.0000E+00
   339    3.6415E-07    0.0000E+00   -1.3434E-05    0.0000E+00
   340   -4.9184E-07    0.0000E+00   -1.2607E-05    0.0000E+00
   341    2.8110E-06    0.0000E+00    9.2957E-06    0.0000E+00
   342   -4.4038E-06    0.0000E+00   -8.2483E-06    0.0000E+00
   343   -1.0939E-05    0.0000E+00   -1.1660E-05    0.0000E+00
   344   -1.1663E-05    0.0000E+00    7.0544E-05    0.0000E+00
   345    4.3783E-05    0.0000E+00    6.0700E-06    0.0000E+00
   346    5.1681E-05    0.0000E+00   -1.3868E-05    0.0000E+00
   347   -6.7279E-06    0.0000E+00   -6.8206E-05    0.0000E+00
   348    2.9074E-06    0.0000E+00    4.6765E-05    0.0000E+00
   349    3.0521E-05    0.0000E+00    1.8143E-05    0.0000E+00
   350    1.1713E-05    0.0000E+00   -2.5968E-05    0.0000E+00
   351   -1.1233E-06    0.0000E+00   -7.1703E-06    0.0000E+00
   352   -1.6932E-06    0.0000E+00   -1.2715E-05    0.0000E+00
   353   -3.2565E-06    0.0000E+00   -1.9441E-06    0.0000E+00
   354    1.2720E-06    0.0000E+00    5.8619E-06    0.0000E+00
   355    2.5760E-06    0.0000E+00    1.4846E-06    0.0000E+00
   356   -3.8351E-07    0.0000E+00   -1.2633E-05    0.0000E+00
   357   -1.1006E-06    0.0000E+00   -1.4781E-06    0.0000E+00
   358    4.8913E-07    0.0000E+00    5.6536E-06    0.0000E+00
   359    7.0408E-07    0.0000E+00    2.2055E-06    0.0000E+00
   360    2.5756E-07    0.0000E+00    7.2883E-07    0.0000E+00
   361   -3.5839E-07    0.0000E+00    1.4271E-05    0.0000E+00
   362    5.0614E-08    0.0000E+00    2.3020E-05    0.0000E+00
   363    1.3248E-06    0.0000E+00    6.8374E-06    0.0000E+00
   364    4.8945E-07    0.0000E+00    4.3806E-06    0.0000E+00
   365    2.8554E-07    0.0000E+00   -4.9819E-07    0.0000E+00
   366   -1.4480E-07    0.0000E+00    1.3635E-05    0.0000E+00
   367   -2.3750E-07    0.0000E+00   -1.1399E-05    0.0000E+00
   368    9.3996E-09    0.0000E+00   -1.7133E-05    0.0000E+00
   369    1.1103E-06    0.0000E+00    4.0957E-07    0.0000E+00
   370    1.0184E-06    0.0000E+00    1.3824E-05    0.0000E+00
   371   -8.9919E-07    0.0000E+00   -1.0810E-05    0.0000E+00
   372    3.9599E-08    0.0000E+00   -3.8694E-05    0.0000E+00
   373    1.3883E-06    0.0000E+00   -3.5056E-05    0.0000E+00
   374    1.4375E-06    0.0000E+00   -1.0845E-05    0.0000E+00
   375    1.4971E-06    0.0000E+00    4.2566E-08    0.0000E+00
   376    1.0992E-06    0.0000E+00    3.0588E-07    0.0000E+00
   377    1.4185E-06    0.0000E+00   -4.1458E-08    0.0000E+00
   378    1.6263E-06    0.0000E+00    3.2703E-07    0.0000E+00
   379    3.3017E-07    0.0000E+00   -1.5888E-06    0.0000E+00
   380    1.5579E-06    0.0000E+00    2.6542E-06    0.0000E+00
   381    1.7249E-06    0.0000E+00   -1.0011E-06    0.0000E+00
   382    8.2568E-07    0.0000E+00    1.3093E-06    0.0000E+00
   383    1.1703E-06    0.0000E+00    8.7561E-07    0.0000E+00
   384    1.0160E-06    0.0000E+00    2.2345E-06    0.0000E+00
   385    2.0479E-06    0.0000E+00   -1.3215E-06    0.0000E+00
   386    2.7345E-06    0.0000E+00    9.1505E-07    0.0000E+00
   387   -7.1047E-07    0.0000E+00   -7.3033E-08    0.0000E+00
   388   -4.4150E-07    0.0000E+00    4.0433E-06    0.0000E+00
   389    3.4030E-06    0.0000E+00   -2.2901E-06    0.0000E+00
   390    1.7931E-07    0.0000E+00    1.2140E-06    0.0000E+00
   391    8.3930E-07    0.0000E+00    6.4862E-06    0.0000E+00
   392    1.7048E-05    0.0000E+00   -8.0032E-06    0.0000E+00
   393   -1.8069E-05    0.0000E+00   -3.3234E-05    0.0000E+00
   394   -3.2451E-05    0.0000E+00    1.2366E-06    0.0000E+00
   395   -2.8313E-05    0.0000E+00    8.0487E-05    0.0000E+00
   396    2.8084E-05    0.0000E+00    8.4484E-05    0.0000E+00
   397    1.3228E-05    0.0000E+00   -1.1483E-06    0.0000E+00
   398   -2.0829E-05    0.0000E+00   -1.9568E-05    0.0000E+00
   399   -1.3947E-05    0.0000E+00    2.5892E-05    0.0000E+00
   400    5.8509E-07    0.0000E+00    1.4719E-05    0.0000E+00
   401    2.2469E-06    0.0000E+00   -7.7350E-07    0.0000E+00
   402    4.6015E-06    0.0000E+00    2.6262E-06    0.0000E+00
   403    2.9958E-07    0.0000E+00   -3.7603E-06    0.0000E+00
   404   -2.4214E-06    0.0000E+00   -1.1161E-06    0.0000E+00
   405    2.1776E-06    0.0000E+00    4.4936E-06    0.0000E+00
   406    3.2293E-06    0.0000E+00    4.6016E-06    0.0000E+00
   407    1.8411E-06    0.0000E+00   -3.2065E-06    0.0000E+00
   408    1.5865E-06    0.0000E+00    4.8217E-07    0.0000E+00
   409    5.4867E-07    0.0000E+00    2.7576E-06    0.0000E+00
   410    2.0010E-06    0.0000E+00   -5.1491E-06    0.0000E+00
   411    2.0020E-06    0.0000E+00   -1.0655E-05    0.0000E+00
   412   -7.6545E-08    0.0000E+00   -5.4949E-06    0.0000E+00
   413    4.3572E-07    0.0000E+00   -3.0056E-06    0.0000E+00
   414    1.0871E-06    0.0000E+00    4.8876E-06    0.0000E+00
   415    1.4753E-06    0.0000E+00   -7.8409E-06    0.0000E+00
   416    5.9831E-07    0.0000E+00   -8.6959E-06    0.0000E+00
   417    7.9863E-08    0.0000E+00   -3.1743E-06    0.0000E+00
   418   -8.2090E-07    0.0000E+00   -1.9467E-05    0.0000E+00
   419    5.2354E-07    0.0000E+00    2.7354E-05    0.0000E+00
   420    8.3865E-07    0.0000E+00    5.9617E-06    0.0000E+00
   421    3.9684E-07    0.0000E+00    4.2202E-07    0.0000E+00
   422    4.0709E-07    0.0000E+00    1.2449E-05    0.0000E+00
   423   -4.7304E-07    0.0000E+00    3.5877E-06    0.0000E+00
   424   -1.5883E-06    0.0000E+00    1.1186E-06    0.0000E+00
   425   -1.1935E-06    0.0000E+00    3.4623E-06    0.0000E+00
   426   -6.6772E-07    0.0000E+00    3.1353E-06    0.0000E+00
   427   -9.4566E-07    0.0000E+00    3.2773E-08    0.0000E+00
   428   -6.0160E-07    0.0000E+00   -4.9834E-07    0.0000E+00
   429   -9.2174E-07    0.0000E+00   -9.7390E-07    0.0000E+00
   430   -1.0419E-06    0.0000E+00    5.0102E-07    0.0000E+00
   431   -8.4407E-07    0.0000E+00    7.4334E-07    0.0000E+00
   432   -6.1527E-07    0.0000E+00   -4.7876E-07    0.0000E+00
   433   -1.4794E-06    0.0000E+00   -1.8738E-06    0.0000E+00
   434   -1.9084E-06    0.0000E+00    7.2855E-07    0.0000E+00
   435   -7.0214E-07    0.0000E+00    1.1394E-06    0.0000E+00
   436    3.9510E-07    0.0000E+00    1.8398E-06    0.0000E+00
   437   -2.2935E-06    0.0000E+00   -5.3426E-06    0.0000E+00
   438   -3.6706E-06    0.0000E+00    7.3451E-08    0.0000E+00
   439    1.8969E-06    0.0000E+00   -9.5296E-08    0.0000E+00
   440   -6.4760E-06    0.0000E+00    3.0349E-07    0.0000E+00
   441    3.1333E-06    0.0000E+00    7.1063E-06    0.0000E+00
   442   -1.6644E-06    0.0000E+00    1.4237E-05    0.0000E+00
   443    4.9179E-05    0.0000E+00   -1.8920E-05    0.0000E+00
   444   -7.0277E-06    0.0000E+00   -4.3910E-05    0.0000E+00
   445   -7.3535E-05    0.0000E+00   -6.7385E-05    0.0000E+00
   446   -6.9397E-05    0.0000E+00   -8.2705E-06    0.0000E+00
   447   -1.5305E-05    0.0000E+00    1.4025E-05    0.0000E+00
   448   -5.0880E-06    0.0000E+00   -1.9403E-05    0.0000E+00
   449   -9.9583E-06    0.0000E+00   -1.7113E-05    0.0000E+00
   450   -5.9909E-06    0.0000E+00   -3.0652E-07    0.0000E+00
   451   -3.0955E-06    0.0000E+00    1.3935E-06    0.0000E+00
   452    1.4389E-06    0.0000E+00    4.8699E-06    0.0000E+00
   453    6.4936E-07    0.0000E+00    4.5914E-07    0.0000E+00
   454   -2.3601E-06    0.0000E+00   -3.3753E-06    0.0000E+00
   455   -2.5984E-06    0.0000E+00   -1.1053E-06    0.0000E+00
   456   -1.1538E-06    0.0000E+00    3.3704E-06    0.0000E+00
   457   -1.1881E-06    0.0000E+00    2.6294E-06    0.0000E+00
   458   -1.2579E-06    0.0000E+00   -1.3828E-06    0.0000E+00
   459   -1.6273E-06    0.0000E+00   -6.5193E-07    0.0000E+00
   460   -1.1601E-06    0.0000E+00    4.8308E-06    0.0000E+00
   461   -5.4355E-07    0.0000E+00    6.5138E-06    0.0000E+00
   462   -6.3324E-07    0.0000E+00   -2.2626E-06    0.0000E+00
   463   -8.9380E-07    0.0000E+00    1.9944E-07    0.0000E+00
   464   -1.1524E-06    0.0000E+00   -1.5744E-06    0.0000E+00
   465   -6.4312E-07    0.0000E+00    6.3583E-06    0.0000E+00
   466   -8.9582E-10    0.0000E+00   -2.3804E-06    0.0000E+00
   467   -1.0197E-07    0.0000E+00   -1.1111E-05    0.0000E+00
   468   -1.0852E-06    0.0000E+00   -1.1328E-05    0.0000E+00
   469   -1.4080E-06    0.0000E+00    9.0641E-06    0.0000E+00
   470    4.8073E-07    0.0000E+00    2.0442E-06    0.0000E+00
   471    2.9194E-07    0.0000E+00    6.4740E-06    0.0000E+00
   472   -6.2779E-07    0.0000E+00    1.8565E-05    0.0000E+00
   473   -7.6532E-07    0.0000E+00    1.0053E-05    0.0000E+00
   474   -4.1627E-07    0.0000E+00   -1.6990E-06    0.0000E+00
   475   -3.3501E-07    0.0000E+00    3.8606E-07    0.0000E+00
   476   -8.5238E-07    0.0000E+00    1.7943E-07    0.0000E+00
   477   -8.6722E-07    0.0000E+00   -1.7051E-06    0.0000E+00
   478   -7.2646E-07    0.0000E+00    6.2480E-07    0.0000E+00
   479    1.4552E-07    0.0000E+00    8.0236E-07    0.0000E+00
   480   -1.2764E-06    0.0000E+00   -2.6906E-06    0.0000E+00
   481   -5.4362E-07    0.0000E+00    7.5020E-07    0.0000E+00
   482    4.3717E-07    0.0000E+00    1.0354E-06    0.0000E+00
   483    5.5542E-07    0.0000E+00   -1.6109E-06    0.0000E+00
   484   -8.5204E-07    0.0000E+00   -1.8053E-06    0.0000E+00
   485   -3.1394E-06    0.0000E+00   -1.5285E-06    0.0000E+00
   486    6.9098E-07    0.0000E+00    3.9746E-06    0.0000E+00
   487    2.7663E-06    0.0000E+00   -3.1143E-06    0.0000E+00
   488    1.4543E-06    0.0000E+00   -8.3930E-07    0.0000E+00
   489   -2.4391E-06    0.0000E+00   -2.4122E-06    0.0000E+00
   490    3.3922E-06    0.0000E+00   -2.4138E-06    0.0000E+00
   491   -1.1952E-05    0.0000E+00   -4.9055E-06    0.0000E+00
   492   -1.9050E-05    0.0000E+00    1.2809E-05    0.0000E+00
   493    2.9888E-05    0.0000E+00    4.5480E-05    0.0000E+00
   494    4.3841E-05    0.0000E+00    1.4092E-05    0.0000E+00
   495    3.1927E-05    0.0000E+00   -3.4314E-05    0.0000E+00
   496    8.2671E-06    0.0000E+00   -5.1699E-05    0.0000E+00
   497    3.9035E-06    0.0000E+00   -9.4409E-06    0.0000E+00
   498    1.5089E-05    0.0000E+00    2.2097E-06    0.0000E+00
   499    8.0037E-06    0.0000E+00   -5.5735E-06    0.0000E+00
   500    1.5626E-06    0.0000E+00   -6.5604E-06    0.0000E+00
   501   -9.7034E-07    0.0000E+00   -3.9610E-06    0.0000E+00
   502   -3.6648E-06    0.0000E+00    5.9508E-07    0.0000E+00
   503    7.1456E-07    0.0000E+00    1.3546E-06    0.0000E+00
   504    1.2215E-06    0.0000E+00   -1.6575E-06    0.0000E+00
   505   -8.7553E-07    0.0000E+00   -2.5081E-06    0.0000E+00
   506   -1.3514E-06    0.0000E+00   -2.1317E-06    0.0000E+00
   507   -6.1738E-07    0.0000E+00    1.7905E-07    0.0000E+00
   508   -2.3645E-07    0.0000E+00   -3.9331E-07    0.0000E+00
   509    5.5746E-08    0.0000E+00   -1.9964E-06    0.0000E+00
   510   -1.1863E-06    0.0000E+00   -2.5570E-06    0.0000E+00
   511   -7.1989E-07    0.0000E+00    1.5198E-06    0.0000E+00
   512    6.7505E-07    0.0000E+00   -3.0255E-06    0.0000E+00
   513   -3.3699E-07    0.0000E+00    4.0303E-06    0.0000E+00
   514   -6.2774E-07    0.0000E+00   -4.8462E-06    0.0000E+00
   515   -7.9602E-07    0.0000E+00   -4.4790E-06    0.0000E+00
   516    2.8701E-07    0.0000E+00    1.0600E-05    0.0000E+00
   517    1.2334E-06    0.0000E+00   -2.0056E-06    0.0000E+00
   518    6.2185E-07    0.0000E+00   -2.9447E-06    0.0000E+00
   519   -8.0884E-08    0.0000E+00    1.1601E-06    0.0000E+00
   520   -8.0353E-07    0.0000E+00    6.3248E-06    0.0000E+00
   521   -1.0614E-06    0.0000E+00   -8.0717E-06    0.0000E+00
   522    3.7215E-07    0.0000E+00   -5.4145E-06    0.0000E+00
   523    1.1975E-06    0.0000E+00    7.3905E-07    0.0000E+00
   524    1.1444E-06    0.0000E+00    1.7131E-08    0.0000E+00
   525    1.1229E-06    0.0000E+00    1.9544E-07    0.0000E+00
   526    7.6143E-07    0.0000E+00   -2.4345E-07    0.0000E+00
   527    1.1061E-06    0.0000E+00   -1.8441E-06    0.0000E+00
   528    7.1865E-07    0.0000E+00    1.5682E-06    0.0000E+00
   529    5.9161E-07    0.0000E+00    1.0211E-06    0.0000E+00
   530    1.4674E-06    0.0000E+00   -2.2517E-06    0.0000E+00
   531    4.0201E-07    0.0000E+00    9.1376E-08    0.0000E+00
   532    2.1397E-07    0.0000E+00   -1.7005E-06    0.0000E+00
   533    2.3278E-06    0.0000E+00    1.6440E-06    0.0000E+00
   534    1.8213E-06    0.0000E+00    1.8909E-07    0.0000E+00
   535   -1.0681E-07    0.0000E+00   -1.6912E-06    0.0000E+00
   536    2.5169E-07    0.0000E+00    5.0883E-07    0.0000E+00
   537    1.5042E-07    0.0000E+00    3.4643E-06    0.0000E+00
   538    7.4541E-07    0.0000E+00    9.3829E-07    0.0000E+00
   539    3.5528E-06    0.0000E+00    7.7019E-07    0.0000E+00
   540    3.2336E-06    0.0000E+00    2.6927E-06    0.0000E+00
   541    8.4029E-07    0.0000E+00   -2.0179E-05    0.0000E+00
   542   -4.1582E-06    0.0000E+00   -1.4913E-05    0.0000E+00
   543   -3.7222E-05    0.0000E+00    2.5748E-05    0.0000E+00
   544   -1.3582E-05    0.0000E+00    2.7961E-05    0.0000E+00
   545    2.4233E-05    0.0000E+00    2.5892E-05    0.0000E+00
   546    2.0997E-05    0.0000E+00    7.2840E-06    0.0000E+00
   547    1.5490E-06    0.0000E+00   -3.6028E-07    0.0000E+00
   548   -3.4430E-06    0.0000E+00    7.9424E-06    0.0000E+00
   549    3.1470E-06    0.0000E+00    8.3859E-06    0.0000E+00
   550    3.4236E-06    0.0000E+00    3.1032E-06    0.0000E+00
   551    1.8493E-06    0.0000E+00    1.1282E-06    0.0000E+00
   552    8.8919E-07    0.0000E+00   -1.9610E-06    0.0000E+00
   553    1.2692E-07    0.0000E+00    2.7154E-07    0.0000E+00
   554    1.4907E-06    0.0000E+00    1.6487E-06    0.0000E+00
   555    2.2016E-06    0.0000E+00    1.3523E-06    0.0000E+00
   556    1.3028E-06    0.0000E+00   -3.3337E-07    0.0000E+00
   557    1.6174E-06    0.0000E+00    4.3425E-07    0.0000E+00
   558    1.3405E-06    0.0000E+00    3.0850E-06    0.0000E+00
   559    1.0388E-06    0.0000E+00   -9.2127E-07    0.0000E+00
   560    1.5619E-06    0.0000E+00   -3.1449E-07    0.0000E+00
   561    2.7067E-07    0.0000E+00   -1.4960E-06    0.0000E+00
   562    3.2763E-07    0.0000E+00    3.7128E-06    0.0000E+00
   563    5.1168E-07    0.0000E+00   -5.3048E-06    0.0000E+00
   564    6.1750E-07    0.0000E+00   -5.4305E-06    0.0000E+00
   565   -6.7790E-07    0.0000E+00   -7.8252E-06    0.0000E+00
   566   -1.5075E-07    0.0000E+00    1.2309E-05    0.0000E+00
   567   -1.1273E-06    0.0000E+00   -1.1314E-05    0.0000E+00
   568    3.9539E-07    0.0000E+00   -9.1384E-06    0.0000E+00
   569    8.3869E-07    0.0000E+00    1.2769E-05    0.0000E+00
   570    4.6988E-08    0.0000E+00    1.7061E-05    0.0000E+00
   571    9.2216E-07    0.0000E+00    2.7587E-06    0.0000E+00
   572    2.0681E-07    0.0000E+00   -9.8482E-07    0.0000E+00
   573   -5.7387E-07    0.0000E+00   -8.4059E-07    0.0000E+00
   574   -1.4573E-07    0.0000E+00    5.8352E-07    0.0000E+00
   575   -9.9333E-07    0.0000E+00    1.2280E-06    0.0000E+00
   576   -2.9216E-07    0.0000E+00    9.5310E-07    0.0000E+00
   577    9.2303E-08    0.0000E+00   -6.8760E-09    0.0000E+00
   578   -1.2881E-06    0.0000E+00    4.6999E-07    0.0000E+00
   579   -3.0314E-07    0.0000E+00    1.5085E-06    0.0000E+00
   580   -4.8385E-07    0.0000E+00    4.9012E-07    0.0000E+00
   581   -1.1330E-06    0.0000E+00   -1.2513E-06    0.0000E+00
   582   -3.2258E-07    0.0000E+00   -1.7435E-06    0.0000E+00
   583   -3.1623E-06    0.0000E+00    1.3903E-06    0.0000E+00
   584   -1.3372E-06    0.0000E+00    3.6048E-07    0.0000E+00
   585    3.4496E-06    0.0000E+00    1.0681E-06    0.0000E+00
   586   -2.9436E-06    0.0000E+00   -2.6162E-06    0.0000E+00
   587   -4.7744E-06    0.0000E+00    2.7834E-07    0.0000E+00
   588    3.6895E-08    0.0000E+00   -1.9963E-06    0.0000E+00
   589   -4.2285E-06    0.0000E+00    4.2740E-06    0.0000E+00
   590    5.3962E-06    0.0000E+00    1.5770E-06    0.0000E+00
   591    4.7923E-06    0.0000E+00    1.0595E-05    0.0000E+00
   592    1.1505E-05    0.0000E+00   -3.1076E-06    0.0000E+00
   593    4.6305E-06    0.0000E+00   -3.7773E-05    0.0000E+00
   594   -1.2816E-05    0.0000E+00   -2.9340E-05    0.0000E+00
   595   -1.6737E-05    0.0000E+00    3.5194E-07    0.0000E+00
   596   -4.3425E-06    0.0000E+00    1.3476E-05    0.0000E+00
   597   -3.0241E-06    0.0000E+00    1.0564E-07    0.0000E+00
   598   -1.8892E-06    0.0000E+00   -2.7301E-06    0.0000E+00
   599   -3.3031E-06    0.0000E+00    1.5329E-06    0.0000E+00
   600   -5.1196E-06    0.0000E+00   -5.9245E-07    0.0000E+00
   601    1.2164E-06    0.0000E+00    2.2996E-06    0.0000E+00
   602    1.3476E-06    0.0000E+00    1.3052E-06    0.0000E+00
   603   -1.9900E-06    0.0000E+00   -1.1983E-06    0.0000E+00
   604   -1.5446E-06    0.0000E+00    1.4853E-07    0.0000E+00
   605   -1.8227E-06    0.0000E+00   -4.3184E-07    0.0000E+00
   606   -5.5527E-07    0.0000E+00    7.1367E-07    0.0000E+00
   607   -8.8076E-08    0.0000E+00    2.5515E-06    0.0000E+00
   608   -1.8459E-06    0.0000E+00   -1.2726E-06    0.0000E+00
   609   -6.3864E-07    0.0000E+00    1.3964E-06    0.0000E+00
   610   -4.9413E-07    0.0000E+00    1.0584E-06    0.0000E+00
   611   -8.7287E-07    0.0000E+00   -2.9542E-07    0.0000E+00
   612   -8.3702E-07    0.0000E+00    9.6403E-08    0.0000E+00
   613   -4.6933E-07    0.0000E+00   -6.2016E-06    0.0000E+00
   614    1.9122E-07    0.0000E+00   -5.7497E-06    0.0000E+00
   615   -2.0313E-07    0.0000E+00   -2.7255E-06    0.0000E+00
   616   -2.1739E-07    0.0000E+00    8.4584E-06    0.0000E+00
   617   -6.2020E-07    0.0000E+00   -8.4368E-06    0.0000E+00
   618   -1.0464E-06    0.0000E+00   -1.1559E-05    0.0000E+00
   619    4.9729E-07    0.0000E+00   -9.2598E-06    0.0000E+00
   620    7.3726E-07    0.0000E+00   -4.9568E-07    0.0000E+00
   621    2.9724E-07    0.0000E+00    5.8544E-06    0.0000E+00
   622   -8.6267E-07    0.0000E+00    3.5057E-06    0.0000E+00
   623   -5.9163E-07    0.0000E+00   -2.2850E-06    0.0000E+00
   624   -7.2814E-07    0.0000E+00   -3.1482E-06    0.0000E+00
   625   -1.6503E-07    0.0000E+00    8.2754E-07    0.0000E+00
   626   -1.3356E-07    0.0000E+00    6.0899E-07    0.0000E+00
   627   -7.6510E-07    0.0000E+00   -1.2690E-07    0.0000E+00
   628    7.8901E-07    0.0000E+00    4.1542E-07    0.0000E+00
   629   -9.1137E-07    0.0000E+00    9.3501E-08    0.0000E+00
   630   -7.1630E-07    0.0000E+00    1.5319E-06    0.0000E+00
   631    6.5514E-07    0.0000E+00   -1.5128E-06    0.0000E+00
   632    4.3379E-07    0.0000E+00   -8.7815E-07    0.0000E+00
   633   -1.8284E-06    0.0000E+00   -2.7412E-06    0.0000E+00
   634    2.0108E-07    0.0000E+00    1.8020E-06    0.0000E+00
   635   -4.7193E-07    0.0000E+00    2.0659E-06    0.0000E+00
   636    4.3973E-07    0.0000E+00   -2.1677E-06    0.0000E+00
   637    3.6693E-06    0.0000E+00   -8.8043E-07    0.0000E+00
   638   -7.6186E-06    0.0000E+00   -7.0232E-06    0.0000E+00
   639    3.6367E-06    0.0000E+00    6.8749E-06    0.0000E+00
   640    8.3835E-06    0.0000E+00   -7.1476E-06    0.0000E+00
   641   -2.9192E-05    0.0000E+00   -2.2088E-06    0.0000E+00
   642    9.5046E-06    0.0000E+00    2.4301E-05    0.0000E+00
   643    4.4637E-05    0.0000E+00    2.8071E-05    0.0000E+00
   644    2.6674E-05    0.0000E+00    8.0836E-06    0.0000E+00
   645    7.2097E-06    0.0000E+00   -4.0352E-06    0.0000E+00
   646   -1.9510E-06    0.0000E+00   -1.6573E-06    0.0000E+00
   647    4.9237E-06    0.0000E+00    2.2295E-06    0.0000E+00
   648    2.4534E-06    0.0000E+00    1.7542E-07    0.0000E+00
   649   -5.6225E-07    0.0000E+00   -3.9085E-06    0.0000E+00
   650    6.8551E-07    0.0000E+00   -2.1976E-06    0.0000E+00
   651   -1.1965E-06    0.0000E+00    7.0025E-07    0.0000E+00
   652   -3.7407E-07    0.0000E+00    8.3814E-07    0.0000E+00
   653    4.0737E-07    0.0000E+00   -1.1446E-06    0.0000E+00
   654   -3.8547E-07    0.0000E+00   -2.2844E-06    0.0000E+00
   655   -5.6531E-07    0.0000E+00   -5.6944E-07    0.0000E+00
   656   -3.8538E-07    0.0000E+00    1.9901E-06    0.0000E+00
   657   -9.8299E-07    0.0000E+00   -9.3044E-07    0.0000E+00
   658    3.7229E-07    0.0000E+00   -1.7275E-06    0.0000E+00
   659   -4.9542E-07    0.0000E+00    7.2046E-07    0.0000E+00
   660   -3.7220E-07    0.0000E+00   -7.2318E-07    0.0000E+00
   661    5.5672E-07    0.0000E+00    1.6762E-06    0.0000E+00
   662   -2.8802E-07    0.0000E+00   -4.1910E-06    0.0000E+00
   663    1.2044E-07    0.0000E+00   -4.7233E-07    0.0000E+00
   664    7.2858E-07    0.0000E+00   -9.7758E-09    0.0000E+00
   665    2.7313E-07    0.0000E+00    3.6587E-06    0.0000E+00
   666    6.7712E-07    0.0000E+00   -2.3530E-06    0.0000E+00
   667    7.8818E-07    0.0000E+00   -8.5917E-07    0.0000E+00
   668   -2.4942E-08    0.0000E+00   -5.9419E-07    0.0000E+00
   669    1.3717E-07    0.0000E+00   -4.8345E-06    0.0000E+00
   670   -1.1459E-06    0.0000E+00   -6.3877E-06    0.0000E+00
   671   -3.3564E-07    0.0000E+00   -1.9173E-06    0.0000E+00
   672    6.0729E-07    0.0000E+00    7.6476E-07    0.0000E+00
   673    2.4028E-08    0.0000E+00   -1.8537E-06    0.0000E+00
   674    1.2250E-06    0.0000E+00    1.1812E-09    0.0000E+00
   675    8.1494E-07    0.0000E+00   -1.6474E-07    0.0000E+00
   676    1.9046E-07    0.0000E+00    3.5309E-07    0.0000E+00
   677    1.2819E-06    0.0000E+00    8.8199E-07    0.0000E+00
   678    3.8021E-07    0.0000E+00    1.5411E-06    0.0000E+00
   679    1.0231E-06    0.0000E+00    3.5215E-07    0.0000E+00
   680    9.0398E-07    0.0000E+00   -1.0382E-07    0.0000E+00
   681   -1.3153E-06    0.0000E+00   -1.1557E-06    0.0000E+00
   682    3.2978E-06    0.0000E+00    2.0456E-06    0.0000E+00
   683    4.1912E-06    0.0000E+00   -7.1287E-09    0.0000E+00
   684   -2.3529E-06    0.0000E+00   -2.6245E-07    0.0000E+00
   685   -2.3267E-07    0.0000E+00   -7.1208E-07    0.0000E+00
   686    3.6111E-06    0.0000E+00    3.7717E-06    0.0000E+00
   687    2.8386E-06    0.0000E+00   -2.2114E-06    0.0000E+00
   688   -5.2451E-06    0.0000E+00   -2.6139E-06    0.0000E+00
   689    9.6985E-06    0.0000E+00    1.0407E-05    0.0000E+00
   690   -1.4153E-05    0.0000E+00   -7.1804E-06    0.0000E+00
   691    1.2092E-05    0.0000E+00   -1.1495E-05    0.0000E+00
   692   -2.8582E-06    0.0000E+00    1.4520E-06    0.0000E+00
   693   -3.9171E-06    0.0000E+00    1.8733E-05    0.0000E+00
   694    5.1518E-06    0.0000E+00    1.3968E-05    0.0000E+00
   695    7.9122E-06    0.0000E+00    6.9905E-06    0.0000E+00
   696    4.9845E-06    0.0000E+00    1.8217E-06    0.0000E+00
   697   -2.8891E-06    0.0000E+00    1.4259E-06    0.0000E+00
   698   -5.0309E-07    0.0000E+00    2.8081E-06    0.0000E+00
   699    4.8416E-06    0.0000E+00    1.0342E-06    0.0000E+00
   700    1.9177E-06    0.0000E+00    1.5022E-06    0.0000E+00
   701   -1.2534E-07    0.0000E+00    3.5636E-07    0.0000E+00
   702    3.9754E-07    0.0000E+00   -6.6109E-07    0.0000E+00
   703    1.0635E-06    0.0000E+00    4.0368E-07    0.0000E+00
   704    2.3157E-06    0.0000E+00    1.2684E-06    0.0000E+00
   705    1.1359E-06    0.0000E+00   -6.9753E-07    0.0000E+00
   706    3.9839E-07    0.0000E+00    1.8642E-06    0.0000E+00
   707    1.5539E-06    0.0000E+00    2.1655E-06    0.0000E+00
   708    6.9388E-07    0.0000E+00   -1.6787E-06    0.0000E+00
   709    9.2432E-07    0.0000E+00    1.7752E-06    0.0000E+00
   710    6.2810E-07    0.0000E+00   -7.7042E-07    0.0000E+00
   711    4.3968E-07    0.0000E+00   -5.7928E-07    0.0000E+00
   712    1.1331E-07    0.0000E+00    3.8009E-06    0.0000E+00
   713   -4.0404E-07    0.0000E+00   -1.6402E-06    0.0000E+00
   714   -4.2385E-07    0.0000E+00   -1.7483E-06    0.0000E+00
   715    1.2839E-06    0.0000E+00    4.2984E-06    0.0000E+00
   716    6.4369E-08    0.0000E+00    9.1188E-06    0.0000E+00
   717   -1.2839E-06    0.0000E+00   -1.3078E-05    0.0000E+00
   718   -7.3894E-07    0.0000E+00   -6.8454E-06    0.0000E+00
   719   -1.6888E-06    0.0000E+00   -6.7925E-06    0.0000E+00
   720   -4.3495E-08    0.0000E+00   -3.7859E-06    0.0000E+00
   721    9.1561E-07    0.0000E+00   -7.4357E-07    0.0000E+00
   722   -2.4859E-07    0.0000E+00   -2.9804E-06    0.0000E+00
   723    1.2542E-06    0.0000E+00    4.9718E-08    0.0000E+00
   724    2.1503E-07    0.0000E+00    2.8278E-06    0.0000E+00
   725   -1.5698E-07    0.0000E+00   -7.9171E-07    0.0000E+00
   726    1.0045E-06    0.0000E+00   -2.1385E-07    0.0000E+00
   727   -4.9385E-07    0.0000E+00    1.1292E-06    0.0000E+00
   728    2.3813E-07    0.0000E+00    7.9057E-07    0.0000E+00
   729    1.6331E-06    0.0000E+00    3.5648E-06    0.0000E+00
   730   -1.6463E-06    0.0000E+00   -2.0241E-06    0.0000E+00
   731    2.6696E-07    0.0000E+00   -1.0516E-06    0.0000E+00
   732    1.0288E-06    0.0000E+00    2.3885E-06    0.0000E+00
   733   -1.7226E-06    0.0000E+00    8.3982E-07    0.0000E+00
   734    3.0129E-06    0.0000E+00    4.8773E-07    0.0000E+00
   735   -1.9308E-06    0.0000E+00   -1.1463E-06    0.0000E+00
   736   -9.9158E-07    0.0000E+00    2.5955E-06    0.0000E+00
   737    1.9740E-06    0.0000E+00   -2.1052E-06    0.0000E+00
   738   -4.2359E-06    0.0000E+00   -4.3331E-06    0.0000E+00
   739   -1.1223E-05    0.0000E+00    3.2243E-06    0.0000E+00
   740    9.8786E-06    0.0000E+00   -5.9841E-07    0.0000E+00
   741    1.9035E-05    0.0000E+00    1.4804E-05    0.0000E+00
   742    1.5467E-07    0.0000E+00    1.1697E-05    0.0000E+00
   743   -1.3366E-05    0.0000E+00    4.5094E-06    0.0000E+00
   744   -1.0607E-05    0.0000E+00    4.6953E-06    0.0000E+00
   745   -1.0269E-06    0.0000E+00    7.3030E-06    0.0000E+00
   746   -2.9345E-06    0.0000E+00    2.9488E-06    0.0000E+00
   747   -2.0225E-06    0.0000E+00   -2.6849E-06    0.0000E+00
   748   -7.8391E-07    0.0000E+00   -4.4355E-07    0.0000E+00
   749   -2.7758E-06    0.0000E+00    1.4536E-06    0.0000E+00
   750   -3.4638E-07    0.0000E+00    2.9234E-07    0.0000E+00
   751    1.4747E-06    0.0000E+00    8.6781E-07    0.0000E+00
   752   -2.9557E-07    0.0000E+00   -1.2165E-06    0.0000E+00
   753    2.4411E-07    0.0000E+00   -1.9625E-07    0.0000E+00
   754   -3.7750E-07    0.0000E+00    1.6115E-06    0.0000E+00
   755   -5.3586E-08    0.0000E+00   -8.8753E-07    0.0000E+00
   756    1.0023E-06    0.0000E+00   -1.2178E-06    0.0000E+00
   757   -5.6618E-07    0.0000E+00    1.0080E-06    0.0000E+00
   758    3.7370E-07    0.0000E+00    1.4894E-06    0.0000E+00
   759   -5.7917E-08    0.0000E+00   -3.9006E-07    0.0000E+00
   760   -3.2331E-07    0.0000E+00   -4.2113E-06    0.0000E+00
   761   -7.4541E-08    0.0000E+00    2.0260E-07    0.0000E+00
   762   -3.8871E-08    0.0000E+00    7.0437E-07    0.0000E+00
   763   -1.8979E-07    0.0000E+00   -3.4842E-06    0.0000E+00
   764   -4.6733E-07    0.0000E+00    2.7017E-06    0.0000E+00
   765    4.8000E-08    0.0000E+00    5.8309E-06    0.0000E+00
   766   -1.2118E-07    0.0000E+00   -5.8130E-06    0.0000E+00
   767   -5.2343E-07    0.0000E+00   -7.0666E-06    0.0000E+00
   768   -1.2505E-07    0.0000E+00   -6.2163E-06    0.0000E+00
   769    3.6908E-07    0.0000E+00   -4.0281E-07    0.0000E+00
   770    6.4184E-07    0.0000E+00    3.9442E-06    0.0000E+00
   771   -8.7359E-08    0.0000E+00    8.7388E-07    0.0000E+00
   772    1.1411E-07    0.0000E+00    5.2809E-07    0.0000E+00
   773   -5.8185E-07    0.0000E+00    4.9744E-07    0.0000E+00
   774   -5.8576E-07    0.0000E+00   -1.5248E-06    0.0000E+00
   775    7.1071E-08    0.0000E+00    8.4898E-07    0.0000E+00
   776   -6.2545E-07    0.0000E+00    3.3673E-07    0.0000E+00
   777    3.6987E-07    0.0000E+00   -7.9988E-07    0.0000E+00
   778   -5.0143E-07    0.0000E+00    1.3261E-06    0.0000E+00
   779   -7.4778E-07    0.0000E+00    1.8540E-06    0.0000E+00
   780    7.9395E-07    0.0000E+00   -1.3628E-06    0.0000E+00
   781    1.5773E-07    0.0000E+00    2.1386E-07    0.0000E+00
   782   -3.3835E-06    0.0000E+00    2.0943E-07    0.0000E+00
   783    4.4736E-07    0.0000E+00   -7.9508E-07    0.0000E+00
   784    9.6747E-07    0.0000E+00    8.3118E-07    0.0000E+00
   785   -1.5957E-06    0.0000E+00   -2.5639E-06    0.0000E+00
   786    2.7047E-07    0.0000E+00    3.4347E-06    0.0000E+00
   787    2.7508E-06    0.0000E+00   -4.4652E-06    0.0000E+00
   788   -6.9462E-06    0.0000E+00   -2.5549E-06    0.0000E+00
   789    1.0009E-05    0.0000E+00   -7.9777E-06    0.0000E+00
   790   -1.0655E-05    0.0000E+00    8.3250E-06    0.0000E+00
   791   -1.5648E-05    0.0000E+00    1.2516E-05    0.0000E+00
   792   -3.4979E-06    0.0000E+00    9.6701E-06    0.0000E+00
   793   -2.4461E-06    0.0000E+00    1.8755E-06    0.0000E+00
   794   -2.5977E-06    0.0000E+00   -7.0676E-07    0.0000E+00
   795   -4.8535E-06    0.0000E+00    1.5192E-06    0.0000E+00
   796    2.3923E-07    0.0000E+00   -1.7708E-06    0.0000E+00
   797    1.9943E-06    0.0000E+00   -2.0185E-07    0.0000E+00
   798   -1.5326E-06    0.0000E+00   -1.1975E-06    0.0000E+00
   799   -1.4375E-06    0.0000E+00   -9.0860E-07    0.0000E+00
   800   -5.0330E-07    0.0000E+00    5.9366E-07    0.0000E+00
   801   -5.9314E-08    0.0000E+00    4.9130E-07    0.0000E+00
   802    7.8252E-09    0.0000E+00   -3.7022E-07    0.0000E+00
   803   -6.4530E-07    0.0000E+00    1.1654E-06    0.0000E+00
   804   -8.3103E-07    0.0000E+00   -4.4133E-07    0.0000E+00
   805   -1.6735E-07    0.0000E+00    3.0903E-07    0.0000E+00
   806   -7.4243E-07    0.0000E+00    2.1485E-06    0.0000E+00
   807   -1.7084E-07    0.0000E+00   -2.5928E-06    0.0000E+00
   808   -2.6810E-07    0.0000E+00    3.1063E-06    0.0000E+00
   809   -4.6945E-07    0.0000E+00   -5.3924E-06    0.0000E+00
   810    8.4148E-08    0.0000E+00   -4.4462E-07    0.0000E+00
   811   -1.9759E-07    0.0000E+00   -1.8107E-06    0.0000E+00
   812    1.5092E-07    0.0000E+00    4.1412E-06    0.0000E+00
   813    8.0398E-07    0.0000E+00   -4.3159E-06    0.0000E+00
   814   -1.4083E-06    0.0000E+00    1.4982E-06    0.0000E+00
   815   -5.9076E-07    0.0000E+00   -8.5440E-07    0.0000E+00
   816    1.6733E-06    0.0000E+00    6.2365E-06    0.0000E+00
   817    1.3242E-06    0.0000E+00    4.3853E-06    0.0000E+00
   818    2.3188E-06    0.0000E+00   -6.9937E-07    0.0000E+00
   819    4.4253E-07    0.0000E+00    3.1384E-07    0.0000E+00
   820   -6.9360E-07    0.0000E+00    1.0441E-06    0.0000E+00
   821    3.1033E-07    0.0000E+00    1.7439E-06    0.0000E+00
   822   -6.0071E-07    0.0000E+00   -3.9110E-07    0.0000E+00
   823   -5.2139E-07    0.0000E+00    4.7860E-08    0.0000E+00
   824    3.0455E-07    0.0000E+00   -2.1905E-07    0.0000E+00
   825   -1.1125E-07    0.0000E+00   -1.9806E-07    0.0000E+00
   826   -1.9504E-07    0.0000E+00    1.2163E-06    0.0000E+00
   827    1.9235E-07    0.0000E+00   -2.9931E-07    0.0000E+00
   828   -8.0843E-07    0.0000E+00    1.1899E-06    0.0000E+00
   829    8.2956E-07    0.0000E+00    3.1672E-07    0.0000E+00
   830   -4.8453E-07    0.0000E+00   -9.4181E-07    0.0000E+00
   831   -5.7313E-08    0.0000E+00    5.4467E-07    0.0000E+00
   832    8.0128E-07    0.0000E+00   -5.7088E-07    0.0000E+00
   833   -8.1726E-07    0.0000E+00    3.1582E-07    0.0000E+00
   834    1.6651E-06    0.0000E+00   -9.3511E-07    0.0000E+00
   835   -1.1577E-07    0.0000E+00    1.0769E-06    0.0000E+00
   836    2.5660E-07    0.0000E+00   -1.3940E-07    0.0000E+00
   837   -4.1522E-07    0.0000E+00   -1.8013E-07    0.0000E+00
   838    8.8063E-06    0.0000E+00   -2.7044E-07    0.0000E+00
   839    4.2031E-06    0.0000E+00   -2.2961E-06    0.0000E+00
   840   -7.3365E-06    0.0000E+00    5.8202E-07    0.0000E+00
   841   -1.5617E-05    0.0000E+00    1.4341E-06    0.0000E+00
   842   -8.3852E-06    0.0000E+00    3.3021E-07    0.0000E+00
   843   -4.0226E-06    0.0000E+00   -9.4811E-07    0.0000E+00
   844   -2.5186E-06    0.0000E+00    1.6706E-07    0.0000E+00
   845    1.8240E-07    0.0000E+00   -8.7593E-07    0.0000E+00
   846    1.0267E-07    0.0000E+00    1.9936E-08    0.0000E+00
   847    3.2933E-07    0.0000E+00    2.2900E-07    0.0000E+00
   848    1.1819E-06    0.0000E+00   -2.2264E-07    0.0000E+00
   849    4.3199E-07    0.0000E+00   -1.9231E-07    0.0000E+00
   850   -5.1655E-07    0.0000E+00    2.4094E-07    0.0000E+00
   851   -2.9083E-07    0.0000E+00   -5.8787E-07    0.0000E+00
   852   -2.4969E-07    0.0000E+00   -9.6891E-10    0.0000E+00
   853    3.5222E-07    0.0000E+00    1.1873E-07    0.0000E+00
   854   -9.4780E-08    0.0000E+00   -9.3311E-07    0.0000E+00
   855   -3.7951E-07    0.0000E+00    8.4928E-07    0.0000E+00
   856    6.1181E-08    0.0000E+00   -5.2193E-07    0.0000E+00
   857   -4.6657E-07    0.0000E+00    3.7213E-07    0.0000E+00
   858    2.5686E-07    0.0000E+00   -1.1233E-06    0.0000E+00
