           2  -1.5803962244452767     
           3  -1.6037118830977071     
           4  -1.6199499425806740     
           5  -1.6332182138725775     
           6  -1.6447744631113743     
           7  -1.6551687600617890     
           8  -1.6647056814237091     
           9  -1.6735807359943808     
          10  -1.6819233968359899     
          11  -1.6898260407592203     
          12  -1.6973558025619588     
          13  -1.7045656075367459     
          14  -1.7114972639344528     
          15  -1.7181838504998408     
          16  -1.7246540735786364     
          17  -1.7309304917946093     
          18  -1.7370320526010725     
          19  -1.7429762169372045     
          20  -1.7487761064515086     
          21  -1.7544447838679040     
          22  -1.7599932845826849     
          23  -1.7654294289139751     
          24  -1.7707635189051034     
          25  -1.7760017305103157     
          26  -1.7811503757054294     
          27  -1.7862167639569448     
          28  -1.7912043690084167     
          29  -1.7961192363541332     
          30  -1.8009656366305538     
          31  -1.8057460706843067     
          32  -1.8104662780411573     
          33  -1.8151278602146146     
          34  -1.8197340865820213     
          35  -1.8242888198185876     
          36  -1.8287928110083296     
          37  -1.8332503146055323     
          38  -1.8376628668461712     
          39  -1.8420314749949742     
          40  -1.8463601486196166     
          41  -1.8506489504509678     
          42  -1.8549002830171089     
          43  -1.8591164221477952     
          44  -1.8632972616148165     
          45  -1.8674457576590626     
          46  -1.8715623461640873     
          47  -1.8756478364501576     
          48  -1.8797047860256473     
          49  -1.8837325783087138     
          50  -1.8877334801314223     
          51  -1.8917087230461485     
          52  -1.8956572763472732     
          53  -1.8995829639441799     
          54  -1.9034846706167938     
          55  -1.9073633171400137     
          56  -1.9112210413709523     
          57  -1.9150567257408981     
          58  -1.9188726204773909     
          59  -1.9226690716995982     
          60  -1.9264454784977922     
          61  -1.9302040656065531     
          62  -1.9339436961206644     
          63  -1.9376655788418340     
          64  -1.9413712770712024     
          65  -1.9450586336414277     
          66  -1.9487312373202572     
          67  -1.9523880889340499     
          68  -1.9560283373342575     
          69  -1.9596553921608739     
          70  -1.9632663917441262     
          71  -1.9668634100507512     
          72  -1.9704474882965002     
          73  -1.9740153646529821     
          74  -1.9775713876277816     
          75  -1.9811125845897946     
          76  -1.9846386477738109     
          77  -1.9881530599141755     
          78  -1.9916509952238612     
          79  -1.9951364649985550     
          80  -1.9986088924828989     
          81  -2.0020626462995983     
          82  -2.0055067705757414     
          83  -2.0089340044050825     
          84  -2.0123453516631860     
          85  -2.0157447868497540     
          86  -2.0191231626223214     
          87  -2.0224892136971597     
          88  -2.0258387753181029     
          89  -2.0291657072519298     
          90  -2.0324812182077663     
          91  -2.0357742931978664     
          92  -2.0390494961352479     
          93  -2.0423103766889308     
          94  -2.0455458305704810     
          95  -2.0487715331377419     
          96  -2.0519815233886156     
          97  -2.0551758010480587     
          98  -2.0583668259031747     
          99  -2.0615548348681787     
         100  -2.0647441826211641     
         101  -2.0679408211343588     
