  VMEC2000 V8.51
     MN       GMNC         GMNS           BMNC          BMNS
     1   -8.9490E-03    0.0000E+00    9.3931E-01    0.0000E+00
     2   -1.5173E-03    0.0000E+00    1.1115E-02    0.0000E+00
     3    9.0335E-05    0.0000E+00   -1.0490E-02    0.0000E+00
     4    2.4422E-05    0.0000E+00   -3.4021E-03    0.0000E+00
     5    7.5157E-06    0.0000E+00    1.0297E-03    0.0000E+00
     6   -1.1395E-05    0.0000E+00   -1.4917E-03    0.0000E+00
     7    1.1404E-05    0.0000E+00    1.3234E-03    0.0000E+00
     8   -3.3768E-06    0.0000E+00   -1.1430E-04    0.0000E+00
     9    5.8018E-07    0.0000E+00   -8.2252E-05    0.0000E+00
    10   -2.2393E-06    0.0000E+00    1.4090E-04    0.0000E+00
    11    4.7851E-06    0.0000E+00    2.9309E-04    0.0000E+00
    12    5.4484E-06    0.0000E+00    4.5945E-04    0.0000E+00
    13   -3.1850E-06    0.0000E+00   -1.9622E-04    0.0000E+00
    14   -1.8002E-06    0.0000E+00   -9.7418E-05    0.0000E+00
    15    2.9898E-06    0.0000E+00    3.4634E-04    0.0000E+00
    16    2.4865E-06    0.0000E+00    3.1552E-04    0.0000E+00
    17    7.3886E-07    0.0000E+00    5.5349E-05    0.0000E+00
    18    5.3776E-08    0.0000E+00    4.6272E-05    0.0000E+00
    19    1.5254E-08    0.0000E+00    6.9577E-05    0.0000E+00
    20    2.4003E-08    0.0000E+00    7.8021E-05    0.0000E+00
    21    2.7616E-08    0.0000E+00    1.3500E-05    0.0000E+00
    22    5.2859E-08    0.0000E+00    2.5198E-05    0.0000E+00
    23    6.5680E-08    0.0000E+00    7.2445E-05    0.0000E+00
    24    4.3623E-07    0.0000E+00    1.9352E-05    0.0000E+00
    25    1.3982E-06    0.0000E+00    2.9862E-04    0.0000E+00
    26    1.0076E-06    0.0000E+00   -8.5179E-05    0.0000E+00
    27   -4.0522E-06    0.0000E+00   -8.4355E-05    0.0000E+00
    28   -1.8835E-06    0.0000E+00   -2.6329E-05    0.0000E+00
    29   -3.3739E-06    0.0000E+00    6.3435E-06    0.0000E+00
    30   -3.8618E-06    0.0000E+00   -2.8927E-06    0.0000E+00
    31    5.3477E-07    0.0000E+00   -8.5653E-06    0.0000E+00
    32   -1.5722E-05    0.0000E+00    1.2746E-06    0.0000E+00
    33   -1.0930E-05    0.0000E+00    7.6449E-06    0.0000E+00
    34    6.5838E-07    0.0000E+00    9.6591E-06    0.0000E+00
    35   -2.7934E-06    0.0000E+00   -9.3176E-06    0.0000E+00
    36   -1.0292E-05    0.0000E+00   -3.7919E-04    0.0000E+00
    37   -1.4128E-05    0.0000E+00   -1.0691E-03    0.0000E+00
    38   -2.6763E-05    0.0000E+00   -1.1011E-03    0.0000E+00
    39   -5.2430E-06    0.0000E+00    2.6716E-04    0.0000E+00
    40    2.4831E-06    0.0000E+00    9.3881E-04    0.0000E+00
    41   -3.2366E-05    0.0000E+00   -3.3287E-04    0.0000E+00
    42   -2.6712E-06    0.0000E+00   -1.1578E-04    0.0000E+00
    43    3.8896E-05    0.0000E+00   -1.9581E-04    0.0000E+00
    44   -6.1908E-05    0.0000E+00   -2.5967E-04    0.0000E+00
    45    1.0660E-05    0.0000E+00    7.4745E-04    0.0000E+00
    46   -3.2319E-05    0.0000E+00   -9.1300E-04    0.0000E+00
    47    5.6468E-05    0.0000E+00    8.2450E-04    0.0000E+00
    48   -1.8115E-05    0.0000E+00   -1.2999E-03    0.0000E+00
    49    4.2042E-04    0.0000E+00    3.3192E-04    0.0000E+00
    50    1.1129E-04    0.0000E+00    1.3900E-02    0.0000E+00
    51   -5.8003E-04    0.0000E+00   -9.0906E-02    0.0000E+00
    52   -2.2460E-04    0.0000E+00   -1.2449E-02    0.0000E+00
    53    1.4214E-05    0.0000E+00    4.7492E-04    0.0000E+00
    54   -2.9230E-05    0.0000E+00   -2.6497E-04    0.0000E+00
    55    1.8181E-05    0.0000E+00   -9.4850E-04    0.0000E+00
    56   -1.4702E-05    0.0000E+00    7.8047E-05    0.0000E+00
    57   -4.7509E-05    0.0000E+00    9.0201E-05    0.0000E+00
    58    2.3848E-05    0.0000E+00   -1.5199E-04    0.0000E+00
    59    1.9019E-06    0.0000E+00    2.5161E-04    0.0000E+00
    60   -3.7125E-05    0.0000E+00   -4.1143E-04    0.0000E+00
    61   -5.5207E-06    0.0000E+00    2.0850E-04    0.0000E+00
    62   -4.3263E-06    0.0000E+00   -4.8394E-05    0.0000E+00
    63   -4.4515E-06    0.0000E+00    3.5720E-05    0.0000E+00
    64   -1.1650E-06    0.0000E+00    4.1673E-04    0.0000E+00
    65   -1.0610E-05    0.0000E+00    2.8249E-04    0.0000E+00
    66   -1.1895E-05    0.0000E+00    5.5265E-05    0.0000E+00
    67    6.4674E-06    0.0000E+00   -1.6803E-05    0.0000E+00
    68   -7.8623E-06    0.0000E+00   -1.5468E-05    0.0000E+00
    69   -6.7811E-06    0.0000E+00   -1.3062E-05    0.0000E+00
    70    9.7986E-07    0.0000E+00   -4.0040E-06    0.0000E+00
    71   -1.7794E-06    0.0000E+00    5.6673E-08    0.0000E+00
    72    2.5748E-07    0.0000E+00   -2.0725E-05    0.0000E+00
    73   -4.3103E-06    0.0000E+00   -1.0507E-04    0.0000E+00
    74    1.3148E-06    0.0000E+00    1.1302E-04    0.0000E+00
    75   -1.3245E-06    0.0000E+00   -2.4193E-04    0.0000E+00
    76    1.3576E-06    0.0000E+00    8.2286E-05    0.0000E+00
    77    7.0232E-07    0.0000E+00   -5.9309E-07    0.0000E+00
    78    1.9980E-07    0.0000E+00   -9.8788E-07    0.0000E+00
    79    1.0370E-06    0.0000E+00   -1.9057E-05    0.0000E+00
    80   -1.1515E-07    0.0000E+00   -2.9002E-05    0.0000E+00
    81    1.5864E-06    0.0000E+00    1.0356E-05    0.0000E+00
    82    3.8000E-06    0.0000E+00   -5.6939E-05    0.0000E+00
    83    9.5267E-07    0.0000E+00   -4.9795E-05    0.0000E+00
    84    2.3554E-07    0.0000E+00   -6.4416E-06    0.0000E+00
    85    1.2989E-06    0.0000E+00   -1.6732E-04    0.0000E+00
    86   -2.7082E-06    0.0000E+00   -7.4313E-04    0.0000E+00
    87   -7.5757E-06    0.0000E+00   -1.2988E-03    0.0000E+00
    88   -7.6901E-06    0.0000E+00   -8.5474E-04    0.0000E+00
    89    1.5227E-06    0.0000E+00    8.2520E-04    0.0000E+00
    90    1.4642E-05    0.0000E+00    9.9158E-04    0.0000E+00
    91    7.9471E-07    0.0000E+00   -1.2756E-03    0.0000E+00
    92   -8.7852E-06    0.0000E+00    3.1714E-04    0.0000E+00
    93   -1.1690E-06    0.0000E+00   -2.9701E-04    0.0000E+00
    94    1.1304E-05    0.0000E+00   -2.4032E-04    0.0000E+00
    95    2.0580E-06    0.0000E+00    3.2355E-04    0.0000E+00
    96   -3.3078E-06    0.0000E+00   -8.3528E-04    0.0000E+00
    97   -7.5786E-06    0.0000E+00    4.3463E-04    0.0000E+00
    98   -2.6954E-05    0.0000E+00    5.9365E-04    0.0000E+00
    99   -1.8446E-04    0.0000E+00    2.0841E-03    0.0000E+00
   100   -2.4573E-04    0.0000E+00   -1.3314E-03    0.0000E+00
   101    6.7482E-05    0.0000E+00    3.7570E-03    0.0000E+00
   102    2.2412E-05    0.0000E+00   -2.4187E-04    0.0000E+00
   103   -5.1735E-06    0.0000E+00    3.1264E-04    0.0000E+00
   104    2.1177E-06    0.0000E+00    1.1141E-04    0.0000E+00
   105   -2.0715E-06    0.0000E+00    2.1051E-04    0.0000E+00
   106    1.4007E-05    0.0000E+00    2.8051E-04    0.0000E+00
   107    5.2359E-07    0.0000E+00   -4.8079E-04    0.0000E+00
   108   -4.6407E-06    0.0000E+00    3.0786E-04    0.0000E+00
   109    6.8000E-07    0.0000E+00   -3.1796E-04    0.0000E+00
   110    9.3867E-06    0.0000E+00    7.4584E-05    0.0000E+00
   111    1.2336E-06    0.0000E+00   -5.5575E-05    0.0000E+00
   112    3.0326E-07    0.0000E+00    1.0390E-04    0.0000E+00
   113    4.5916E-07    0.0000E+00   -8.8201E-05    0.0000E+00
   114   -5.0969E-07    0.0000E+00   -3.6631E-04    0.0000E+00
   115    8.5897E-07    0.0000E+00   -3.8215E-04    0.0000E+00
   116   -7.4235E-07    0.0000E+00   -1.8298E-04    0.0000E+00
   117   -9.5714E-07    0.0000E+00    4.1456E-05    0.0000E+00
   118    2.4992E-06    0.0000E+00   -1.7166E-05    0.0000E+00
   119    8.7583E-07    0.0000E+00   -2.9613E-05    0.0000E+00
   120   -6.8390E-09    0.0000E+00   -4.4006E-06    0.0000E+00
   121    8.6083E-08    0.0000E+00   -2.4391E-05    0.0000E+00
   122    4.4038E-07    0.0000E+00    7.0405E-05    0.0000E+00
   123    1.2450E-06    0.0000E+00    8.1130E-05    0.0000E+00
   124    2.9662E-07    0.0000E+00    2.4806E-05    0.0000E+00
   125    1.3737E-06    0.0000E+00    1.1170E-04    0.0000E+00
   126    5.9396E-07    0.0000E+00   -3.4598E-05    0.0000E+00
   127    1.0034E-07    0.0000E+00   -1.6729E-06    0.0000E+00
   128   -5.0406E-07    0.0000E+00    8.8870E-06    0.0000E+00
   129   -1.0337E-07    0.0000E+00    1.3223E-05    0.0000E+00
   130   -1.4305E-07    0.0000E+00   -3.0319E-06    0.0000E+00
   131   -6.9558E-07    0.0000E+00   -1.6252E-05    0.0000E+00
   132    5.9541E-08    0.0000E+00    2.8619E-05    0.0000E+00
   133   -1.4164E-07    0.0000E+00    2.5028E-05    0.0000E+00
   134   -3.2188E-07    0.0000E+00    6.2053E-06    0.0000E+00
   135   -8.5795E-08    0.0000E+00   -9.9849E-05    0.0000E+00
   136   -2.7341E-06    0.0000E+00   -4.3635E-04    0.0000E+00
   137   -5.8804E-06    0.0000E+00   -6.8363E-04    0.0000E+00
   138   -4.7198E-06    0.0000E+00   -2.3231E-04    0.0000E+00
   139    2.8254E-06    0.0000E+00    8.2488E-04    0.0000E+00
   140    2.5723E-06    0.0000E+00    1.8538E-04    0.0000E+00
   141   -2.8275E-06    0.0000E+00   -6.0152E-04    0.0000E+00
   142    8.6888E-07    0.0000E+00    3.6194E-04    0.0000E+00
   143   -5.2449E-06    0.0000E+00   -5.0780E-04    0.0000E+00
   144    1.2513E-06    0.0000E+00    2.5099E-04    0.0000E+00
   145    2.9495E-06    0.0000E+00   -1.0701E-04    0.0000E+00
   146   -5.1007E-06    0.0000E+00    1.3800E-05    0.0000E+00
   147    4.1649E-05    0.0000E+00   -1.1528E-04    0.0000E+00
   148   -1.6270E-05    0.0000E+00   -2.0530E-03    0.0000E+00
   149   -4.7789E-05    0.0000E+00    4.2228E-04    0.0000E+00
   150   -3.0637E-04    0.0000E+00   -3.7990E-03    0.0000E+00
   151   -3.6897E-05    0.0000E+00    1.9683E-03    0.0000E+00
   152    3.9756E-06    0.0000E+00    5.2638E-04    0.0000E+00
   153   -4.9925E-06    0.0000E+00   -2.7069E-04    0.0000E+00
   154    1.0897E-07    0.0000E+00   -1.3793E-05    0.0000E+00
   155   -1.5146E-06    0.0000E+00   -4.3158E-05    0.0000E+00
   156   -6.6861E-08    0.0000E+00    1.9376E-08    0.0000E+00
   157   -1.8962E-08    0.0000E+00    8.4704E-05    0.0000E+00
   158   -8.0354E-07    0.0000E+00   -5.2863E-05    0.0000E+00
   159   -5.1099E-07    0.0000E+00   -5.3545E-05    0.0000E+00
   160   -4.7582E-07    0.0000E+00    1.8909E-04    0.0000E+00
   161   -1.2765E-06    0.0000E+00   -1.1124E-04    0.0000E+00
   162   -4.1171E-07    0.0000E+00   -1.2528E-04    0.0000E+00
   163   -3.1651E-07    0.0000E+00    1.4273E-04    0.0000E+00
   164    3.4200E-07    0.0000E+00    2.5260E-04    0.0000E+00
   165    1.0015E-06    0.0000E+00    1.9063E-04    0.0000E+00
   166    5.5405E-07    0.0000E+00    6.4994E-05    0.0000E+00
   167   -2.8063E-07    0.0000E+00   -1.1331E-05    0.0000E+00
   168   -1.4674E-07    0.0000E+00   -2.4623E-06    0.0000E+00
   169   -1.9261E-07    0.0000E+00    1.4932E-06    0.0000E+00
   170   -2.3075E-07    0.0000E+00   -9.6330E-06    0.0000E+00
   171    3.6490E-08    0.0000E+00    3.1279E-05    0.0000E+00
   172   -2.5718E-07    0.0000E+00   -9.9355E-05    0.0000E+00
   173   -1.4402E-07    0.0000E+00    6.6739E-05    0.0000E+00
   174   -1.2828E-06    0.0000E+00   -8.3872E-05    0.0000E+00
   175   -1.8035E-06    0.0000E+00    2.8516E-05    0.0000E+00
   176   -8.4240E-07    0.0000E+00   -2.0348E-05    0.0000E+00
   177    2.4948E-08    0.0000E+00    1.5962E-06    0.0000E+00
   178    1.2021E-07    0.0000E+00    7.1326E-06    0.0000E+00
   179   -1.0631E-08    0.0000E+00   -5.2823E-06    0.0000E+00
   180   -4.2351E-07    0.0000E+00   -6.5360E-06    0.0000E+00
   181   -1.4492E-06    0.0000E+00   -1.3542E-05    0.0000E+00
   182   -2.3735E-07    0.0000E+00    5.3091E-06    0.0000E+00
   183    5.5642E-07    0.0000E+00    2.8772E-05    0.0000E+00
   184    1.9054E-07    0.0000E+00    3.7507E-05    0.0000E+00
   185   -5.6920E-07    0.0000E+00   -3.6477E-05    0.0000E+00
   186   -2.5017E-06    0.0000E+00   -2.2150E-04    0.0000E+00
   187   -2.8236E-06    0.0000E+00   -3.0936E-04    0.0000E+00
   188    1.3560E-06    0.0000E+00    1.3485E-05    0.0000E+00
   189    1.7253E-06    0.0000E+00    4.4509E-04    0.0000E+00
   190   -3.9072E-06    0.0000E+00   -2.4014E-04    0.0000E+00
   191    2.6054E-06    0.0000E+00   -1.1940E-04    0.0000E+00
   192    2.7535E-06    0.0000E+00    1.3647E-04    0.0000E+00
   193   -7.5937E-06    0.0000E+00   -2.2229E-04    0.0000E+00
   194   -4.1310E-07    0.0000E+00    1.1049E-04    0.0000E+00
   195   -5.7189E-06    0.0000E+00   -7.5818E-05    0.0000E+00
   196   -8.6507E-06    0.0000E+00    1.5253E-04    0.0000E+00
   197    1.1291E-05    0.0000E+00    2.8552E-04    0.0000E+00
   198   -3.3444E-06    0.0000E+00    5.2100E-04    0.0000E+00
   199    7.8512E-05    0.0000E+00    5.3944E-04    0.0000E+00
   200    6.3687E-05    0.0000E+00   -2.6772E-04    0.0000E+00
   201    1.2751E-05    0.0000E+00    5.4835E-05    0.0000E+00
   202   -8.6701E-06    0.0000E+00   -2.1398E-04    0.0000E+00
   203   -4.4024E-06    0.0000E+00   -5.3398E-05    0.0000E+00
   204    8.5072E-07    0.0000E+00   -4.5078E-05    0.0000E+00
   205   -1.5236E-06    0.0000E+00    6.0349E-05    0.0000E+00
   206   -1.9268E-06    0.0000E+00   -9.5603E-05    0.0000E+00
   207    2.7576E-06    0.0000E+00    4.3258E-05    0.0000E+00
   208   -1.2876E-06    0.0000E+00   -6.3761E-06    0.0000E+00
   209   -1.6380E-06    0.0000E+00    7.4955E-06    0.0000E+00
   210    3.3460E-07    0.0000E+00   -1.0661E-04    0.0000E+00
   211    2.7181E-07    0.0000E+00    9.2432E-05    0.0000E+00
   212    6.8782E-08    0.0000E+00    1.3192E-05    0.0000E+00
   213   -4.6006E-07    0.0000E+00   -1.4699E-04    0.0000E+00
   214   -9.8145E-07    0.0000E+00   -1.5352E-04    0.0000E+00
   215   -2.1159E-07    0.0000E+00   -7.7112E-05    0.0000E+00
   216    4.5245E-07    0.0000E+00   -3.1370E-06    0.0000E+00
   217   -5.0094E-07    0.0000E+00    4.9318E-06    0.0000E+00
   218   -1.6836E-07    0.0000E+00   -2.9456E-06    0.0000E+00
   219    3.0787E-07    0.0000E+00    2.8502E-05    0.0000E+00
   220   -1.3294E-07    0.0000E+00   -1.9636E-06    0.0000E+00
   221    8.7305E-08    0.0000E+00   -3.7042E-05    0.0000E+00
   222    3.2511E-07    0.0000E+00    1.7629E-05    0.0000E+00
   223    8.2359E-08    0.0000E+00   -7.9779E-06    0.0000E+00
   224   -2.7012E-07    0.0000E+00   -4.3166E-06    0.0000E+00
   225   -2.2883E-07    0.0000E+00   -1.3379E-05    0.0000E+00
   226   -1.7579E-07    0.0000E+00    1.8998E-06    0.0000E+00
   227    1.5171E-07    0.0000E+00    5.9125E-06    0.0000E+00
   228    3.6643E-07    0.0000E+00    8.8432E-06    0.0000E+00
   229    4.2993E-07    0.0000E+00    2.8041E-06    0.0000E+00
   230    1.9036E-07    0.0000E+00   -6.6651E-06    0.0000E+00
   231    1.1134E-07    0.0000E+00   -1.5874E-06    0.0000E+00
   232    6.1853E-07    0.0000E+00    9.5138E-06    0.0000E+00
   233    2.8156E-07    0.0000E+00    1.2325E-05    0.0000E+00
   234    1.2593E-07    0.0000E+00    1.8328E-05    0.0000E+00
   235   -4.0733E-09    0.0000E+00   -1.9927E-05    0.0000E+00
   236   -9.9462E-07    0.0000E+00   -1.1547E-04    0.0000E+00
   237   -1.3413E-06    0.0000E+00   -1.0096E-04    0.0000E+00
   238    2.2203E-06    0.0000E+00    7.0946E-05    0.0000E+00
   239    2.2954E-06    0.0000E+00    1.5270E-04    0.0000E+00
   240   -4.5548E-06    0.0000E+00   -2.3706E-04    0.0000E+00
   241    1.6928E-06    0.0000E+00    8.8229E-05    0.0000E+00
   242    1.0392E-06    0.0000E+00    5.8499E-06    0.0000E+00
   243    4.0137E-06    0.0000E+00   -2.9991E-05    0.0000E+00
   244   -3.0385E-06    0.0000E+00    7.4141E-06    0.0000E+00
   245    1.2993E-05    0.0000E+00   -6.0519E-05    0.0000E+00
   246   -1.8153E-05    0.0000E+00   -5.9616E-05    0.0000E+00
   247   -5.5966E-05    0.0000E+00    1.1018E-04    0.0000E+00
   248   -1.4311E-05    0.0000E+00   -3.1977E-04    0.0000E+00
   249   -3.1735E-05    0.0000E+00   -1.7191E-04    0.0000E+00
   250    2.6719E-06    0.0000E+00    2.4927E-04    0.0000E+00
   251    8.3284E-06    0.0000E+00   -3.4810E-05    0.0000E+00
   252    6.1486E-06    0.0000E+00   -2.4683E-05    0.0000E+00
   253    9.5672E-07    0.0000E+00    9.6708E-06    0.0000E+00
   254   -5.5356E-08    0.0000E+00    1.5094E-05    0.0000E+00
   255   -9.7450E-07    0.0000E+00    5.8235E-06    0.0000E+00
   256    9.9374E-07    0.0000E+00    1.3447E-05    0.0000E+00
   257    6.8350E-07    0.0000E+00   -1.0545E-05    0.0000E+00
   258    1.4742E-07    0.0000E+00   -4.7226E-06    0.0000E+00
   259    7.7965E-07    0.0000E+00    4.8958E-05    0.0000E+00
   260    7.0580E-07    0.0000E+00    2.0804E-05    0.0000E+00
   261    3.4120E-07    0.0000E+00   -3.0415E-05    0.0000E+00
   262    4.2255E-07    0.0000E+00    4.2135E-05    0.0000E+00
   263    1.0154E-07    0.0000E+00    9.0041E-05    0.0000E+00
   264    1.1985E-09    0.0000E+00    6.6710E-05    0.0000E+00
   265    3.8067E-07    0.0000E+00    2.0845E-05    0.0000E+00
   266    1.3284E-07    0.0000E+00    2.0770E-06    0.0000E+00
   267   -1.8953E-07    0.0000E+00   -7.6883E-06    0.0000E+00
   268   -2.9434E-08    0.0000E+00   -1.0661E-05    0.0000E+00
   269    1.9406E-08    0.0000E+00   -2.9483E-05    0.0000E+00
   270   -3.0904E-08    0.0000E+00    6.8978E-06    0.0000E+00
   271   -1.4901E-08    0.0000E+00   -3.9471E-06    0.0000E+00
   272    8.3509E-07    0.0000E+00   -4.0292E-06    0.0000E+00
   273    4.7826E-07    0.0000E+00    8.3933E-06    0.0000E+00
   274    1.8131E-06    0.0000E+00    2.9754E-06    0.0000E+00
   275    9.3891E-07    0.0000E+00   -6.2461E-06    0.0000E+00
   276   -4.7540E-08    0.0000E+00    1.3468E-06    0.0000E+00
   277   -5.8939E-07    0.0000E+00    4.3536E-06    0.0000E+00
   278   -9.7371E-07    0.0000E+00    3.7058E-06    0.0000E+00
   279   -4.9692E-07    0.0000E+00   -4.5407E-06    0.0000E+00
   280   -1.0434E-07    0.0000E+00   -5.2380E-06    0.0000E+00
   281   -1.0222E-06    0.0000E+00   -2.9561E-06    0.0000E+00
   282   -9.7818E-07    0.0000E+00    4.4061E-06    0.0000E+00
   283   -6.8051E-07    0.0000E+00   -1.5416E-06    0.0000E+00
   284   -7.8088E-07    0.0000E+00    3.9441E-07    0.0000E+00
   285   -1.3378E-07    0.0000E+00   -1.1945E-05    0.0000E+00
   286   -1.4493E-06    0.0000E+00   -3.1861E-05    0.0000E+00
   287   -3.9523E-06    0.0000E+00   -2.8904E-05    0.0000E+00
   288    5.9202E-07    0.0000E+00    2.9010E-05    0.0000E+00
   289    1.0199E-06    0.0000E+00    2.4046E-05    0.0000E+00
   290   -4.3523E-06    0.0000E+00   -9.5306E-05    0.0000E+00
   291   -2.0600E-06    0.0000E+00    5.5266E-05    0.0000E+00
   292   -8.2560E-08    0.0000E+00   -2.0263E-05    0.0000E+00
   293   -8.5607E-07    0.0000E+00    6.1165E-06    0.0000E+00
   294    5.1768E-06    0.0000E+00    1.3476E-06    0.0000E+00
   295    1.5870E-05    0.0000E+00    1.0803E-04    0.0000E+00
   296    2.4701E-05    0.0000E+00   -3.0279E-04    0.0000E+00
   297    1.8490E-08    0.0000E+00   -1.1158E-04    0.0000E+00
   298    4.2174E-05    0.0000E+00    8.7885E-05    0.0000E+00
   299   -3.1168E-07    0.0000E+00   -8.6126E-05    0.0000E+00
   300   -1.4451E-05    0.0000E+00    2.7714E-05    0.0000E+00
   301   -5.8073E-06    0.0000E+00    7.4407E-06    0.0000E+00
   302   -1.8023E-06    0.0000E+00    1.2623E-05    0.0000E+00
   303   -6.5608E-07    0.0000E+00    8.0846E-06    0.0000E+00
   304    2.1536E-06    0.0000E+00   -4.0891E-06    0.0000E+00
   305   -1.7496E-06    0.0000E+00   -1.2282E-05    0.0000E+00
   306   -3.4101E-06    0.0000E+00    8.6330E-06    0.0000E+00
   307   -7.6118E-08    0.0000E+00    2.6428E-06    0.0000E+00
   308   -8.1268E-07    0.0000E+00   -6.1988E-06    0.0000E+00
   309   -2.3266E-06    0.0000E+00   -2.3847E-05    0.0000E+00
   310   -1.3071E-06    0.0000E+00   -1.2242E-06    0.0000E+00
   311   -1.2201E-06    0.0000E+00   -9.9137E-06    0.0000E+00
   312   -6.3997E-07    0.0000E+00   -4.1653E-05    0.0000E+00
   313   -2.8073E-07    0.0000E+00   -4.4118E-05    0.0000E+00
   314   -1.5561E-06    0.0000E+00   -1.5065E-05    0.0000E+00
   315   -1.0430E-06    0.0000E+00   -5.8054E-06    0.0000E+00
   316   -1.3416E-08    0.0000E+00    2.2331E-06    0.0000E+00
   317   -2.9182E-07    0.0000E+00    5.2816E-07    0.0000E+00
   318   -1.6969E-07    0.0000E+00    2.0746E-05    0.0000E+00
   319    2.2988E-08    0.0000E+00    2.0323E-05    0.0000E+00
   320   -3.4614E-07    0.0000E+00   -2.7483E-05    0.0000E+00
   321   -7.6445E-07    0.0000E+00    1.8539E-05    0.0000E+00
   322    4.3289E-08    0.0000E+00    2.3269E-06    0.0000E+00
   323    2.9028E-07    0.0000E+00   -6.7109E-06    0.0000E+00
   324   -5.0304E-07    0.0000E+00    9.3401E-06    0.0000E+00
   325   -1.5507E-07    0.0000E+00   -3.3423E-06    0.0000E+00
   326    1.7166E-07    0.0000E+00    3.4388E-06    0.0000E+00
   327    8.7050E-07    0.0000E+00    3.4991E-08    0.0000E+00
   328   -2.0062E-07    0.0000E+00   -4.7555E-06    0.0000E+00
   329   -1.3991E-07    0.0000E+00   -5.3376E-07    0.0000E+00
   330    1.1036E-06    0.0000E+00    1.2534E-06    0.0000E+00
   331    6.9079E-07    0.0000E+00   -2.6383E-06    0.0000E+00
   332    1.4313E-07    0.0000E+00    5.2829E-06    0.0000E+00
   333    6.0213E-07    0.0000E+00    2.3119E-06    0.0000E+00
   334   -2.8749E-07    0.0000E+00    1.4941E-06    0.0000E+00
   335    8.6586E-07    0.0000E+00    2.3541E-06    0.0000E+00
   336    2.1268E-06    0.0000E+00   -9.4700E-06    0.0000E+00
   337   -3.1499E-07    0.0000E+00   -6.5227E-06    0.0000E+00
   338   -7.1122E-07    0.0000E+00    1.8951E-05    0.0000E+00
   339    4.5368E-06    0.0000E+00   -9.2248E-06    0.0000E+00
   340    1.0331E-06    0.0000E+00   -2.1827E-05    0.0000E+00
   341   -3.6543E-07    0.0000E+00    1.0067E-05    0.0000E+00
   342   -2.0246E-06    0.0000E+00    2.2618E-06    0.0000E+00
   343   -8.9572E-06    0.0000E+00   -2.0894E-05    0.0000E+00
   344   -1.0769E-05    0.0000E+00    2.9530E-05    0.0000E+00
   345    1.9059E-05    0.0000E+00    8.6386E-05    0.0000E+00
   346    2.2884E-05    0.0000E+00    8.8254E-05    0.0000E+00
   347   -3.5345E-05    0.0000E+00   -1.7505E-05    0.0000E+00
   348   -8.5151E-06    0.0000E+00    7.0519E-05    0.0000E+00
   349    3.1389E-05    0.0000E+00    2.0267E-05    0.0000E+00
   350    1.1314E-05    0.0000E+00   -2.5207E-05    0.0000E+00
   351   -1.2151E-06    0.0000E+00   -1.2160E-05    0.0000E+00
   352   -1.6386E-06    0.0000E+00   -1.7004E-05    0.0000E+00
   353   -3.0636E-06    0.0000E+00    3.8847E-06    0.0000E+00
   354    2.6484E-06    0.0000E+00    6.0964E-06    0.0000E+00
   355    3.1656E-06    0.0000E+00   -3.1646E-06    0.0000E+00
   356   -9.1520E-07    0.0000E+00   -1.2200E-05    0.0000E+00
   357   -1.6561E-08    0.0000E+00    1.0924E-06    0.0000E+00
   358    1.4682E-06    0.0000E+00    7.0074E-06    0.0000E+00
   359    1.2299E-06    0.0000E+00    2.1541E-06    0.0000E+00
   360    2.7314E-07    0.0000E+00    2.5952E-06    0.0000E+00
   361   -2.8228E-07    0.0000E+00    1.6038E-05    0.0000E+00
   362    2.4490E-07    0.0000E+00    2.3058E-05    0.0000E+00
   363    2.0744E-06    0.0000E+00    1.4828E-05    0.0000E+00
   364    9.6686E-07    0.0000E+00   -4.4772E-06    0.0000E+00
   365   -3.0769E-07    0.0000E+00    3.4545E-06    0.0000E+00
   366    3.2688E-07    0.0000E+00   -3.8509E-06    0.0000E+00
   367    3.6285E-07    0.0000E+00   -2.2916E-06    0.0000E+00
   368   -5.2617E-09    0.0000E+00   -1.5338E-05    0.0000E+00
   369    5.7724E-07    0.0000E+00    6.8752E-06    0.0000E+00
   370    6.5111E-07    0.0000E+00   -7.0983E-06    0.0000E+00
   371    6.8602E-08    0.0000E+00    8.9391E-06    0.0000E+00
   372   -9.5603E-07    0.0000E+00    9.6227E-06    0.0000E+00
   373   -1.3630E-06    0.0000E+00   -7.3492E-06    0.0000E+00
   374   -9.7575E-07    0.0000E+00   -2.3582E-06    0.0000E+00
   375   -1.8721E-07    0.0000E+00   -2.9771E-06    0.0000E+00
   376    3.6019E-07    0.0000E+00    2.6333E-06    0.0000E+00
   377    7.2810E-07    0.0000E+00    2.4987E-06    0.0000E+00
   378    8.0877E-07    0.0000E+00   -2.5306E-06    0.0000E+00
   379    1.4556E-07    0.0000E+00   -4.7359E-07    0.0000E+00
   380    6.7317E-08    0.0000E+00    2.3128E-06    0.0000E+00
   381    7.1164E-07    0.0000E+00   -9.5710E-07    0.0000E+00
   382    8.5650E-07    0.0000E+00    1.9884E-06    0.0000E+00
   383    3.5144E-07    0.0000E+00    6.4433E-07    0.0000E+00
   384   -3.4521E-07    0.0000E+00   -8.3787E-07    0.0000E+00
   385    2.5292E-07    0.0000E+00    2.7865E-06    0.0000E+00
   386    1.5016E-06    0.0000E+00    2.1153E-06    0.0000E+00
   387    1.4817E-06    0.0000E+00   -3.7358E-06    0.0000E+00
   388   -2.2626E-06    0.0000E+00    2.8823E-06    0.0000E+00
   389    2.6827E-07    0.0000E+00    2.5884E-06    0.0000E+00
   390    3.4690E-06    0.0000E+00    1.5749E-06    0.0000E+00
   391    2.2245E-06    0.0000E+00    3.7224E-06    0.0000E+00
   392    9.7886E-07    0.0000E+00   -4.2677E-06    0.0000E+00
   393    1.0907E-05    0.0000E+00   -1.9246E-05    0.0000E+00
   394   -1.9019E-05    0.0000E+00   -3.4091E-05    0.0000E+00
   395   -6.9360E-05    0.0000E+00    3.1882E-05    0.0000E+00
   396    1.9119E-05    0.0000E+00   -1.6585E-05    0.0000E+00
   397    1.9539E-05    0.0000E+00   -6.7178E-05    0.0000E+00
   398   -1.7165E-05    0.0000E+00   -4.3497E-05    0.0000E+00
   399   -1.3308E-05    0.0000E+00    2.4627E-05    0.0000E+00
   400    3.5069E-06    0.0000E+00    1.0087E-05    0.0000E+00
   401    4.6948E-06    0.0000E+00    6.3121E-06    0.0000E+00
   402    2.4492E-06    0.0000E+00   -2.2850E-06    0.0000E+00
   403   -1.4033E-06    0.0000E+00   -4.1961E-06    0.0000E+00
   404   -1.2516E-06    0.0000E+00    4.7872E-06    0.0000E+00
   405    2.4536E-06    0.0000E+00    3.9992E-06    0.0000E+00
   406    1.4315E-06    0.0000E+00    9.5140E-07    0.0000E+00
   407    4.1950E-07    0.0000E+00   -1.8897E-06    0.0000E+00
   408    6.3841E-07    0.0000E+00    1.6530E-06    0.0000E+00
   409    7.0548E-07    0.0000E+00    4.7803E-06    0.0000E+00
   410    1.4951E-06    0.0000E+00   -5.8206E-06    0.0000E+00
   411    8.0026E-07    0.0000E+00   -1.1309E-05    0.0000E+00
   412   -9.8678E-07    0.0000E+00   -8.4929E-06    0.0000E+00
   413   -2.7011E-07    0.0000E+00    3.7232E-06    0.0000E+00
   414    7.8305E-07    0.0000E+00   -1.3085E-06    0.0000E+00
   415   -1.5044E-09    0.0000E+00    1.4742E-06    0.0000E+00
   416   -9.1704E-08    0.0000E+00   -1.6455E-06    0.0000E+00
   417    1.8378E-07    0.0000E+00    1.2187E-05    0.0000E+00
   418   -8.9158E-07    0.0000E+00    2.3966E-06    0.0000E+00
   419   -2.7069E-07    0.0000E+00   -3.5038E-06    0.0000E+00
   420    4.7522E-07    0.0000E+00    5.5983E-07    0.0000E+00
   421    3.4518E-07    0.0000E+00   -6.3573E-06    0.0000E+00
   422    5.7363E-08    0.0000E+00    7.1989E-06    0.0000E+00
   423    4.6130E-07    0.0000E+00   -4.0620E-06    0.0000E+00
   424    6.4747E-07    0.0000E+00   -1.1926E-06    0.0000E+00
   425    1.6666E-07    0.0000E+00   -2.3861E-07    0.0000E+00
   426   -1.5741E-06    0.0000E+00    2.7332E-07    0.0000E+00
   427   -5.5924E-07    0.0000E+00    1.3046E-06    0.0000E+00
   428    2.5744E-07    0.0000E+00   -5.6784E-07    0.0000E+00
   429   -9.1761E-07    0.0000E+00   -1.4241E-06    0.0000E+00
   430   -1.1278E-06    0.0000E+00   -1.3581E-07    0.0000E+00
   431   -9.6467E-07    0.0000E+00    5.7277E-07    0.0000E+00
   432   -1.0948E-06    0.0000E+00   -1.1290E-07    0.0000E+00
   433    5.1995E-07    0.0000E+00   -3.6752E-07    0.0000E+00
   434   -9.9857E-07    0.0000E+00   -3.9811E-06    0.0000E+00
   435   -4.8580E-06    0.0000E+00   -9.0432E-07    0.0000E+00
   436    1.0967E-06    0.0000E+00    3.3250E-06    0.0000E+00
   437    1.6992E-06    0.0000E+00   -2.7293E-06    0.0000E+00
   438   -5.3728E-06    0.0000E+00   -3.2403E-06    0.0000E+00
   439   -2.4515E-06    0.0000E+00   -2.5993E-06    0.0000E+00
   440   -2.4304E-06    0.0000E+00    3.6193E-06    0.0000E+00
   441   -2.4757E-06    0.0000E+00   -1.9260E-06    0.0000E+00
   442    1.4154E-05    0.0000E+00    1.9312E-05    0.0000E+00
   443    7.7333E-06    0.0000E+00    1.7664E-05    0.0000E+00
   444    1.6115E-05    0.0000E+00   -6.9553E-05    0.0000E+00
   445    5.5120E-06    0.0000E+00   -2.7868E-05    0.0000E+00
   446   -9.3964E-06    0.0000E+00    5.0806E-05    0.0000E+00
   447    1.1647E-05    0.0000E+00    4.6387E-05    0.0000E+00
   448    1.5296E-07    0.0000E+00   -5.8238E-06    0.0000E+00
   449   -8.1964E-06    0.0000E+00   -1.0386E-05    0.0000E+00
   450   -8.1633E-06    0.0000E+00    6.0910E-07    0.0000E+00
   451   -3.6144E-06    0.0000E+00    5.7821E-06    0.0000E+00
   452    4.3595E-06    0.0000E+00    1.3706E-06    0.0000E+00
   453    3.8698E-08    0.0000E+00    2.9919E-07    0.0000E+00
   454   -4.3698E-06    0.0000E+00   -1.4098E-06    0.0000E+00
   455   -1.7181E-06    0.0000E+00   -2.0675E-06    0.0000E+00
   456   -4.3943E-09    0.0000E+00   -1.1179E-06    0.0000E+00
   457   -1.3591E-06    0.0000E+00    3.5740E-07    0.0000E+00
   458   -1.6606E-06    0.0000E+00   -2.2254E-07    0.0000E+00
   459   -1.7051E-06    0.0000E+00    2.5061E-06    0.0000E+00
   460   -6.8115E-07    0.0000E+00    7.9734E-06    0.0000E+00
   461    6.8577E-07    0.0000E+00    2.0600E-06    0.0000E+00
   462   -8.9733E-07    0.0000E+00    6.9208E-07    0.0000E+00
   463   -1.3488E-06    0.0000E+00   -4.0671E-06    0.0000E+00
   464   -8.6853E-08    0.0000E+00    2.2648E-06    0.0000E+00
   465    6.1820E-08    0.0000E+00   -6.6999E-07    0.0000E+00
   466   -7.8701E-08    0.0000E+00   -1.7836E-07    0.0000E+00
   467    4.2546E-07    0.0000E+00   -3.5331E-06    0.0000E+00
   468    3.0202E-07    0.0000E+00    9.6390E-06    0.0000E+00
   469   -1.1481E-06    0.0000E+00   -8.8289E-06    0.0000E+00
   470   -1.0541E-06    0.0000E+00   -5.3474E-06    0.0000E+00
   471    4.8039E-07    0.0000E+00   -1.7613E-05    0.0000E+00
   472    1.0832E-06    0.0000E+00   -7.1564E-06    0.0000E+00
   473    8.3285E-07    0.0000E+00    2.8764E-06    0.0000E+00
   474    2.8766E-07    0.0000E+00    1.4552E-06    0.0000E+00
   475   -2.8460E-07    0.0000E+00    2.1748E-07    0.0000E+00
   476    4.8417E-07    0.0000E+00   -8.6495E-07    0.0000E+00
   477   -5.5289E-07    0.0000E+00    1.4414E-07    0.0000E+00
   478   -6.6096E-07    0.0000E+00    3.1530E-07    0.0000E+00
   479    7.2802E-07    0.0000E+00    3.4521E-07    0.0000E+00
   480    3.6844E-07    0.0000E+00   -5.9011E-07    0.0000E+00
   481   -6.0546E-07    0.0000E+00   -1.2787E-06    0.0000E+00
   482    4.6367E-07    0.0000E+00    3.2121E-06    0.0000E+00
   483    4.7619E-07    0.0000E+00    1.4629E-07    0.0000E+00
   484    6.8106E-07    0.0000E+00   -5.1896E-06    0.0000E+00
   485    7.1532E-07    0.0000E+00   -1.2991E-06    0.0000E+00
   486   -2.0036E-06    0.0000E+00    5.7075E-06    0.0000E+00
   487    1.1109E-06    0.0000E+00   -1.2613E-06    0.0000E+00
   488    3.6479E-06    0.0000E+00   -3.3846E-06    0.0000E+00
   489    4.2771E-07    0.0000E+00   -2.4907E-06    0.0000E+00
   490   -3.9202E-06    0.0000E+00   -6.3712E-06    0.0000E+00
   491    5.8192E-06    0.0000E+00    1.6332E-05    0.0000E+00
   492   -4.3109E-05    0.0000E+00   -3.4511E-05    0.0000E+00
   493    2.7088E-05    0.0000E+00    5.4160E-05    0.0000E+00
   494    5.2682E-05    0.0000E+00    7.3081E-05    0.0000E+00
   495    2.1462E-05    0.0000E+00    1.1251E-05    0.0000E+00
   496   -5.7182E-06    0.0000E+00   -1.7428E-05    0.0000E+00
   497   -4.2045E-06    0.0000E+00   -6.7628E-07    0.0000E+00
   498    1.5971E-05    0.0000E+00    7.9690E-06    0.0000E+00
   499    5.4981E-06    0.0000E+00   -7.7157E-06    0.0000E+00
   500    7.6248E-07    0.0000E+00   -1.1475E-05    0.0000E+00
   501   -1.4890E-06    0.0000E+00   -1.1169E-06    0.0000E+00
   502   -2.4588E-06    0.0000E+00    3.4621E-06    0.0000E+00
   503    2.3585E-06    0.0000E+00    2.4866E-07    0.0000E+00
   504    1.7626E-06    0.0000E+00   -2.3740E-06    0.0000E+00
   505   -1.0732E-06    0.0000E+00   -2.1627E-06    0.0000E+00
   506   -4.0979E-07    0.0000E+00   -1.2793E-07    0.0000E+00
   507    5.7630E-07    0.0000E+00    1.1230E-06    0.0000E+00
   508    6.9677E-07    0.0000E+00   -2.5971E-07    0.0000E+00
   509    3.2635E-08    0.0000E+00   -2.9163E-06    0.0000E+00
   510   -6.9011E-07    0.0000E+00    1.0280E-06    0.0000E+00
   511   -1.3970E-08    0.0000E+00   -7.7375E-07    0.0000E+00
   512    1.2985E-06    0.0000E+00    9.5371E-07    0.0000E+00
   513    1.8658E-07    0.0000E+00   -2.1556E-06    0.0000E+00
   514   -1.2935E-07    0.0000E+00    3.7237E-06    0.0000E+00
   515   -7.0090E-09    0.0000E+00   -6.2391E-06    0.0000E+00
   516   -9.5725E-08    0.0000E+00   -7.6281E-06    0.0000E+00
   517    7.7870E-07    0.0000E+00    9.5135E-06    0.0000E+00
   518    9.0242E-07    0.0000E+00    2.2091E-06    0.0000E+00
   519    5.7673E-07    0.0000E+00   -1.3472E-06    0.0000E+00
   520    2.5946E-07    0.0000E+00    9.1553E-06    0.0000E+00
   521   -4.6729E-07    0.0000E+00    1.3631E-06    0.0000E+00
   522   -5.1822E-07    0.0000E+00   -2.6300E-06    0.0000E+00
   523   -8.0921E-07    0.0000E+00    1.8091E-06    0.0000E+00
   524   -4.1826E-07    0.0000E+00   -4.1868E-07    0.0000E+00
   525    1.3114E-06    0.0000E+00    6.5667E-07    0.0000E+00
   526    1.0430E-06    0.0000E+00   -4.8553E-08    0.0000E+00
   527    4.7349E-07    0.0000E+00   -1.8427E-06    0.0000E+00
   528    8.1640E-07    0.0000E+00   -4.1619E-08    0.0000E+00
   529    4.3669E-07    0.0000E+00    3.5862E-07    0.0000E+00
   530    1.1620E-06    0.0000E+00   -2.6504E-06    0.0000E+00
   531    1.9690E-06    0.0000E+00   -7.5894E-07    0.0000E+00
   532   -5.0495E-07    0.0000E+00   -8.8525E-07    0.0000E+00
   533    3.5009E-07    0.0000E+00    4.9218E-07    0.0000E+00
   534    5.4736E-06    0.0000E+00    3.3597E-06    0.0000E+00
   535   -1.2695E-07    0.0000E+00   -4.5749E-06    0.0000E+00
   536   -5.2720E-07    0.0000E+00   -4.6938E-07    0.0000E+00
   537    7.2832E-07    0.0000E+00    8.9940E-07    0.0000E+00
   538    3.9879E-06    0.0000E+00    7.0776E-06    0.0000E+00
   539   -4.3647E-07    0.0000E+00   -7.6078E-06    0.0000E+00
   540    1.4216E-05    0.0000E+00    1.5298E-05    0.0000E+00
   541   -1.2049E-05    0.0000E+00   -2.5043E-05    0.0000E+00
   542   -1.4352E-06    0.0000E+00   -3.2191E-05    0.0000E+00
   543   -2.3478E-05    0.0000E+00    3.2208E-05    0.0000E+00
   544   -9.6784E-06    0.0000E+00    3.6574E-05    0.0000E+00
   545    1.4093E-05    0.0000E+00    1.9948E-05    0.0000E+00
   546    9.8421E-06    0.0000E+00   -3.4028E-07    0.0000E+00
   547   -4.8915E-06    0.0000E+00   -2.6672E-06    0.0000E+00
   548   -8.7133E-06    0.0000E+00    7.6711E-06    0.0000E+00
   549    4.4887E-06    0.0000E+00    9.7171E-06    0.0000E+00
   550    5.9906E-06    0.0000E+00    3.8336E-06    0.0000E+00
   551   -1.0180E-07    0.0000E+00   -3.5146E-06    0.0000E+00
   552   -6.4121E-07    0.0000E+00   -1.3842E-06    0.0000E+00
   553    1.4982E-06    0.0000E+00    2.8711E-06    0.0000E+00
   554    2.4020E-06    0.0000E+00    1.4409E-06    0.0000E+00
   555    1.7361E-06    0.0000E+00   -1.8075E-07    0.0000E+00
   556    1.1803E-06    0.0000E+00   -3.7626E-07    0.0000E+00
   557    1.0445E-06    0.0000E+00    6.0562E-07    0.0000E+00
   558    1.8282E-06    0.0000E+00    2.0248E-07    0.0000E+00
   559    1.5367E-06    0.0000E+00   -5.9617E-07    0.0000E+00
   560    2.5209E-07    0.0000E+00   -4.6552E-06    0.0000E+00
   561    3.5058E-07    0.0000E+00    2.3307E-06    0.0000E+00
   562    7.5585E-07    0.0000E+00   -1.2532E-06    0.0000E+00
   563    9.6815E-07    0.0000E+00    4.6837E-06    0.0000E+00
   564    1.2921E-07    0.0000E+00    4.0393E-06    0.0000E+00
   565   -2.6286E-07    0.0000E+00   -3.1218E-06    0.0000E+00
   566   -6.8347E-07    0.0000E+00   -5.6430E-06    0.0000E+00
   567   -1.1246E-06    0.0000E+00    6.0227E-06    0.0000E+00
   568   -1.9092E-07    0.0000E+00   -5.3615E-06    0.0000E+00
   569    5.0273E-07    0.0000E+00   -2.8781E-06    0.0000E+00
   570    2.1549E-08    0.0000E+00    7.3075E-06    0.0000E+00
   571   -3.3962E-07    0.0000E+00    9.9110E-06    0.0000E+00
   572   -7.1704E-07    0.0000E+00    1.3395E-08    0.0000E+00
   573   -5.8210E-08    0.0000E+00   -1.1518E-06    0.0000E+00
   574    3.1201E-07    0.0000E+00   -5.6103E-07    0.0000E+00
   575   -6.1585E-07    0.0000E+00    7.3611E-07    0.0000E+00
   576   -2.2025E-07    0.0000E+00    1.5830E-06    0.0000E+00
   577    5.7558E-07    0.0000E+00    1.2080E-06    0.0000E+00
   578   -3.9577E-07    0.0000E+00    5.2094E-07    0.0000E+00
   579   -5.3038E-07    0.0000E+00    2.5729E-07    0.0000E+00
   580   -2.9769E-07    0.0000E+00    1.5931E-06    0.0000E+00
   581   -6.4853E-07    0.0000E+00    1.2172E-06    0.0000E+00
   582   -2.0578E-07    0.0000E+00   -8.1212E-07    0.0000E+00
   583   -5.5322E-07    0.0000E+00    3.3298E-06    0.0000E+00
   584   -3.3097E-06    0.0000E+00    1.5210E-06    0.0000E+00
   585    3.2225E-06    0.0000E+00    1.2468E-06    0.0000E+00
   586   -1.5360E-06    0.0000E+00   -1.4528E-06    0.0000E+00
   587   -6.5605E-07    0.0000E+00    1.0880E-06    0.0000E+00
   588   -5.2000E-06    0.0000E+00   -9.6092E-07    0.0000E+00
   589    3.4648E-06    0.0000E+00    4.6096E-06    0.0000E+00
   590   -1.4238E-05    0.0000E+00    2.8118E-06    0.0000E+00
   591    3.0604E-05    0.0000E+00    1.6702E-05    0.0000E+00
   592    9.3702E-06    0.0000E+00   -2.3350E-05    0.0000E+00
   593   -3.3037E-05    0.0000E+00   -1.5192E-05    0.0000E+00
   594   -4.6124E-05    0.0000E+00    1.3109E-05    0.0000E+00
   595   -3.4353E-05    0.0000E+00    2.2784E-05    0.0000E+00
   596   -1.0058E-05    0.0000E+00    1.7806E-05    0.0000E+00
   597   -4.2696E-06    0.0000E+00   -7.9128E-07    0.0000E+00
   598   -3.0440E-06    0.0000E+00   -4.6182E-06    0.0000E+00
   599   -4.3905E-06    0.0000E+00    2.5613E-06    0.0000E+00
   600   -1.7537E-06    0.0000E+00    2.1705E-06    0.0000E+00
   601    2.1778E-06    0.0000E+00    6.7803E-07    0.0000E+00
   602   -5.7406E-07    0.0000E+00    4.7330E-07    0.0000E+00
   603   -2.2726E-06    0.0000E+00    7.9781E-07    0.0000E+00
   604   -8.4610E-07    0.0000E+00    1.0620E-06    0.0000E+00
   605    2.0557E-07    0.0000E+00    1.0179E-06    0.0000E+00
   606   -4.7492E-07    0.0000E+00    4.3952E-07    0.0000E+00
   607   -9.8715E-07    0.0000E+00    4.5381E-08    0.0000E+00
   608   -1.1902E-06    0.0000E+00    1.2546E-06    0.0000E+00
   609   -2.3300E-07    0.0000E+00    3.6122E-06    0.0000E+00
   610    4.2741E-08    0.0000E+00    5.3886E-07    0.0000E+00
   611   -8.6632E-07    0.0000E+00    5.3131E-07    0.0000E+00
   612   -3.9944E-07    0.0000E+00   -1.3415E-06    0.0000E+00
   613    9.9436E-08    0.0000E+00    4.8372E-06    0.0000E+00
   614   -3.1227E-08    0.0000E+00    2.6843E-06    0.0000E+00
   615    3.4919E-07    0.0000E+00   -5.5821E-07    0.0000E+00
   616   -6.5269E-09    0.0000E+00   -2.6039E-06    0.0000E+00
   617    2.1096E-07    0.0000E+00    4.9597E-06    0.0000E+00
   618   -5.9439E-07    0.0000E+00    1.8746E-06    0.0000E+00
   619   -1.0516E-06    0.0000E+00   -5.9921E-06    0.0000E+00
   620    3.2328E-08    0.0000E+00   -7.8250E-06    0.0000E+00
   621    4.5934E-07    0.0000E+00   -1.6951E-06    0.0000E+00
   622    8.9814E-07    0.0000E+00    1.9596E-06    0.0000E+00
   623    3.7134E-07    0.0000E+00    1.0472E-07    0.0000E+00
   624   -9.3216E-07    0.0000E+00   -2.6048E-06    0.0000E+00
   625   -9.7111E-07    0.0000E+00   -1.0665E-06    0.0000E+00
   626   -1.0129E-06    0.0000E+00    1.5719E-06    0.0000E+00
   627   -1.3897E-06    0.0000E+00    8.1243E-07    0.0000E+00
   628   -1.1433E-08    0.0000E+00   -3.8638E-07    0.0000E+00
   629   -6.4025E-07    0.0000E+00   -3.2693E-07    0.0000E+00
   630   -1.7281E-06    0.0000E+00    1.4125E-06    0.0000E+00
   631   -7.7174E-07    0.0000E+00    2.0130E-06    0.0000E+00
   632    5.3169E-07    0.0000E+00   -5.4960E-07    0.0000E+00
   633   -4.1797E-06    0.0000E+00   -3.0995E-06    0.0000E+00
   634   -9.1192E-07    0.0000E+00    1.2455E-06    0.0000E+00
   635   -1.8745E-06    0.0000E+00    2.2367E-06    0.0000E+00
   636    1.3359E-06    0.0000E+00   -7.9976E-08    0.0000E+00
   637   -2.3048E-06    0.0000E+00   -3.8153E-06    0.0000E+00
   638   -1.1019E-06    0.0000E+00    3.4241E-06    0.0000E+00
   639   -3.3135E-06    0.0000E+00   -1.2872E-05    0.0000E+00
   640    5.7849E-06    0.0000E+00    7.2709E-06    0.0000E+00
   641   -9.2567E-06    0.0000E+00    4.5524E-06    0.0000E+00
   642    6.5695E-06    0.0000E+00    6.0937E-06    0.0000E+00
   643    2.8962E-06    0.0000E+00   -1.3579E-05    0.0000E+00
   644    3.6176E-06    0.0000E+00   -2.0943E-05    0.0000E+00
   645   -4.3013E-07    0.0000E+00   -2.0754E-05    0.0000E+00
   646   -8.2682E-07    0.0000E+00   -7.4449E-06    0.0000E+00
   647    8.5105E-06    0.0000E+00    1.2525E-06    0.0000E+00
   648    2.3191E-06    0.0000E+00   -4.5120E-06    0.0000E+00
   649   -2.5668E-06    0.0000E+00   -4.0410E-06    0.0000E+00
   650   -1.6020E-06    0.0000E+00    9.5074E-08    0.0000E+00
   651   -1.3557E-06    0.0000E+00    1.0444E-06    0.0000E+00
   652   -5.7784E-07    0.0000E+00   -8.3506E-07    0.0000E+00
   653   -1.0750E-06    0.0000E+00   -1.3038E-06    0.0000E+00
   654   -1.9635E-06    0.0000E+00    1.4016E-07    0.0000E+00
   655   -1.6392E-06    0.0000E+00    1.0164E-06    0.0000E+00
   656   -5.7292E-07    0.0000E+00    4.6628E-07    0.0000E+00
   657   -1.0973E-06    0.0000E+00   -2.6700E-06    0.0000E+00
   658   -1.3376E-06    0.0000E+00    3.0491E-07    0.0000E+00
   659   -8.0535E-07    0.0000E+00   -3.1225E-07    0.0000E+00
   660   -4.7975E-07    0.0000E+00    7.7824E-07    0.0000E+00
   661   -3.5172E-08    0.0000E+00   -7.9158E-07    0.0000E+00
   662   -3.8822E-07    0.0000E+00    4.2684E-06    0.0000E+00
   663   -1.3151E-07    0.0000E+00   -3.9150E-06    0.0000E+00
   664    1.6598E-07    0.0000E+00    4.3465E-06    0.0000E+00
   665   -7.0730E-08    0.0000E+00   -4.3030E-06    0.0000E+00
   666    7.9546E-07    0.0000E+00   -2.5804E-06    0.0000E+00
   667    6.7499E-07    0.0000E+00    3.0932E-06    0.0000E+00
   668    7.0856E-07    0.0000E+00    8.3015E-06    0.0000E+00
   669    6.1684E-07    0.0000E+00    6.8473E-06    0.0000E+00
   670    2.0572E-07    0.0000E+00   -1.3322E-06    0.0000E+00
   671    2.7952E-07    0.0000E+00   -1.9903E-06    0.0000E+00
   672   -5.8341E-08    0.0000E+00    1.0365E-07    0.0000E+00
   673   -5.3420E-07    0.0000E+00   -2.1701E-07    0.0000E+00
   674    1.3764E-07    0.0000E+00   -1.1807E-06    0.0000E+00
   675    4.6070E-07    0.0000E+00   -1.2880E-06    0.0000E+00
   676   -2.4582E-08    0.0000E+00   -1.9956E-07    0.0000E+00
   677    1.9362E-07    0.0000E+00    2.3515E-07    0.0000E+00
   678   -1.2039E-07    0.0000E+00    2.7423E-07    0.0000E+00
   679    5.4825E-07    0.0000E+00   -4.0209E-07    0.0000E+00
   680    1.0710E-06    0.0000E+00   -2.2202E-08    0.0000E+00
   681   -5.5826E-07    0.0000E+00   -1.0058E-06    0.0000E+00
   682   -2.2541E-07    0.0000E+00   -1.3830E-06    0.0000E+00
   683    3.3296E-06    0.0000E+00    3.9750E-08    0.0000E+00
   684   -4.3723E-07    0.0000E+00   -3.2605E-06    0.0000E+00
   685   -3.8522E-08    0.0000E+00    1.3058E-06    0.0000E+00
   686   -1.5733E-06    0.0000E+00   -1.8943E-06    0.0000E+00
   687    2.9326E-06    0.0000E+00    2.2536E-06    0.0000E+00
   688    3.8617E-07    0.0000E+00   -5.7273E-06    0.0000E+00
   689    2.2589E-06    0.0000E+00    1.3903E-05    0.0000E+00
   690    1.5083E-07    0.0000E+00   -7.1394E-06    0.0000E+00
   691    6.9663E-06    0.0000E+00   -1.4007E-05    0.0000E+00
   692    8.9890E-06    0.0000E+00    3.4428E-06    0.0000E+00
   693    1.7809E-05    0.0000E+00    6.7388E-06    0.0000E+00
   694    2.3259E-05    0.0000E+00    5.6756E-06    0.0000E+00
   695    1.7887E-05    0.0000E+00    2.5081E-06    0.0000E+00
   696    5.6806E-06    0.0000E+00    1.9759E-06    0.0000E+00
   697   -2.3633E-06    0.0000E+00    2.6387E-06    0.0000E+00
   698    1.0645E-06    0.0000E+00    2.3780E-06    0.0000E+00
   699    3.1507E-06    0.0000E+00    1.8153E-07    0.0000E+00
   700    4.6916E-07    0.0000E+00   -2.6427E-07    0.0000E+00
   701   -3.7005E-07    0.0000E+00   -1.0575E-06    0.0000E+00
   702    3.3720E-07    0.0000E+00   -5.0570E-07    0.0000E+00
   703    1.0595E-06    0.0000E+00   -4.6926E-07    0.0000E+00
   704    5.5964E-07    0.0000E+00   -1.2329E-06    0.0000E+00
   705    1.6174E-07    0.0000E+00    5.5404E-09    0.0000E+00
   706    3.1698E-07    0.0000E+00    1.6801E-06    0.0000E+00
   707    7.5214E-07    0.0000E+00   -1.5295E-06    0.0000E+00
   708    7.1631E-07    0.0000E+00    9.3814E-07    0.0000E+00
   709   -5.2143E-08    0.0000E+00   -2.7471E-06    0.0000E+00
   710    2.0390E-07    0.0000E+00    1.7721E-06    0.0000E+00
   711    1.3389E-07    0.0000E+00   -1.2072E-06    0.0000E+00
   712    7.5109E-08    0.0000E+00   -1.8830E-06    0.0000E+00
   713    3.5331E-07    0.0000E+00    1.7582E-06    0.0000E+00
   714   -1.2478E-07    0.0000E+00    1.1737E-06    0.0000E+00
   715   -2.1538E-07    0.0000E+00   -1.2212E-06    0.0000E+00
   716   -8.1971E-07    0.0000E+00   -1.8618E-06    0.0000E+00
   717   -1.4580E-07    0.0000E+00   -1.6330E-06    0.0000E+00
   718    4.8737E-07    0.0000E+00   -1.3531E-06    0.0000E+00
   719    1.2109E-07    0.0000E+00    2.3743E-06    0.0000E+00
   720   -5.0538E-07    0.0000E+00    8.5679E-07    0.0000E+00
   721   -9.1696E-07    0.0000E+00   -1.2064E-06    0.0000E+00
   722   -1.9565E-07    0.0000E+00   -2.4743E-06    0.0000E+00
   723    6.3865E-07    0.0000E+00   -1.9285E-06    0.0000E+00
   724    3.8048E-07    0.0000E+00    3.2215E-08    0.0000E+00
   725    6.4339E-07    0.0000E+00    5.3416E-07    0.0000E+00
   726    1.2716E-06    0.0000E+00    4.7906E-07    0.0000E+00
   727    4.8711E-07    0.0000E+00    8.0237E-07    0.0000E+00
   728    3.9357E-07    0.0000E+00    3.6454E-07    0.0000E+00
   729    9.7935E-07    0.0000E+00    1.3593E-06    0.0000E+00
   730    6.5801E-07    0.0000E+00    2.4622E-07    0.0000E+00
   731    7.0393E-07    0.0000E+00   -2.7486E-06    0.0000E+00
   732    1.3385E-06    0.0000E+00    2.3312E-06    0.0000E+00
   733   -2.9627E-07    0.0000E+00    1.0384E-06    0.0000E+00
   734    3.5150E-06    0.0000E+00    1.0291E-06    0.0000E+00
   735    3.6930E-07    0.0000E+00   -2.1171E-06    0.0000E+00
   736   -9.6671E-09    0.0000E+00    1.0066E-06    0.0000E+00
   737    6.2935E-07    0.0000E+00   -1.3005E-07    0.0000E+00
   738   -1.7183E-06    0.0000E+00   -3.5073E-06    0.0000E+00
   739   -1.1487E-05    0.0000E+00    2.7168E-07    0.0000E+00
   740    8.4270E-06    0.0000E+00    1.5755E-05    0.0000E+00
   741    1.5826E-05    0.0000E+00    1.2292E-05    0.0000E+00
   742    7.4732E-06    0.0000E+00    5.7274E-06    0.0000E+00
   743   -1.5881E-06    0.0000E+00    5.7171E-06    0.0000E+00
   744   -4.3287E-06    0.0000E+00    9.4415E-06    0.0000E+00
   745    5.6289E-07    0.0000E+00    1.1522E-05    0.0000E+00
   746   -5.5460E-07    0.0000E+00    2.3781E-06    0.0000E+00
   747   -5.6556E-07    0.0000E+00   -1.8319E-06    0.0000E+00
   748   -1.2747E-06    0.0000E+00    1.0039E-06    0.0000E+00
   749    1.4553E-07    0.0000E+00    1.7263E-06    0.0000E+00
   750    2.1974E-06    0.0000E+00    5.9756E-07    0.0000E+00
   751    1.3605E-06    0.0000E+00   -1.7724E-07    0.0000E+00
   752    2.4386E-07    0.0000E+00   -9.7517E-07    0.0000E+00
   753    6.7135E-07    0.0000E+00    2.5594E-07    0.0000E+00
   754    1.4915E-06    0.0000E+00    1.4292E-06    0.0000E+00
   755    1.0481E-06    0.0000E+00    1.6661E-07    0.0000E+00
   756    4.6581E-07    0.0000E+00   -1.7206E-06    0.0000E+00
   757    5.4676E-07    0.0000E+00    3.1214E-06    0.0000E+00
   758    6.7580E-07    0.0000E+00    6.7974E-08    0.0000E+00
   759    7.8602E-07    0.0000E+00    1.1381E-06    0.0000E+00
   760   -7.9435E-08    0.0000E+00   -5.4621E-07    0.0000E+00
   761   -1.7617E-07    0.0000E+00    1.2330E-07    0.0000E+00
   762    2.9600E-08    0.0000E+00   -1.9001E-07    0.0000E+00
   763   -6.8189E-08    0.0000E+00    2.9772E-08    0.0000E+00
   764    1.2316E-07    0.0000E+00   -6.2631E-07    0.0000E+00
   765   -1.4353E-07    0.0000E+00    9.0404E-07    0.0000E+00
   766   -2.7073E-08    0.0000E+00    2.0067E-06    0.0000E+00
   767   -3.0571E-07    0.0000E+00   -6.4191E-07    0.0000E+00
   768   -6.9500E-07    0.0000E+00   -3.3714E-06    0.0000E+00
   769   -2.0998E-07    0.0000E+00   -4.2913E-06    0.0000E+00
   770   -2.4208E-07    0.0000E+00   -5.6730E-07    0.0000E+00
   771    1.4885E-07    0.0000E+00   -6.3316E-07    0.0000E+00
   772    4.8350E-07    0.0000E+00   -3.4691E-07    0.0000E+00
   773    9.4756E-08    0.0000E+00   -4.6285E-07    0.0000E+00
   774   -2.3945E-07    0.0000E+00   -1.0311E-06    0.0000E+00
   775   -4.4947E-08    0.0000E+00    3.9770E-07    0.0000E+00
   776   -3.0351E-07    0.0000E+00    1.0204E-06    0.0000E+00
   777    4.9926E-07    0.0000E+00    6.4572E-07    0.0000E+00
   778    2.7558E-07    0.0000E+00    8.2625E-07    0.0000E+00
   779   -1.0750E-06    0.0000E+00    9.6258E-07    0.0000E+00
   780    4.2858E-09    0.0000E+00    5.4737E-07    0.0000E+00
   781    1.6470E-06    0.0000E+00   -1.9774E-07    0.0000E+00
   782   -2.4268E-06    0.0000E+00    1.3594E-07    0.0000E+00
   783   -2.3323E-07    0.0000E+00    9.0736E-07    0.0000E+00
   784   -5.2961E-07    0.0000E+00    1.2613E-06    0.0000E+00
   785    2.1933E-06    0.0000E+00    1.1246E-06    0.0000E+00
   786    7.2371E-07    0.0000E+00   -7.4833E-07    0.0000E+00
   787   -3.5882E-06    0.0000E+00    1.9143E-07    0.0000E+00
   788    3.8404E-06    0.0000E+00   -5.5988E-06    0.0000E+00
   789   -9.0576E-07    0.0000E+00   -8.9821E-07    0.0000E+00
   790   -1.8481E-05    0.0000E+00    3.5788E-06    0.0000E+00
   791   -8.3611E-06    0.0000E+00    6.6183E-06    0.0000E+00
   792   -5.1944E-06    0.0000E+00    7.0727E-06    0.0000E+00
   793   -3.9144E-06    0.0000E+00    4.8315E-06    0.0000E+00
   794   -6.5600E-06    0.0000E+00    2.7154E-06    0.0000E+00
   795   -5.2895E-06    0.0000E+00    2.3640E-06    0.0000E+00
   796    1.3287E-06    0.0000E+00    8.3905E-07    0.0000E+00
   797    1.2620E-06    0.0000E+00   -4.7772E-07    0.0000E+00
   798   -1.3390E-06    0.0000E+00   -7.0898E-07    0.0000E+00
   799   -9.4984E-07    0.0000E+00    2.1138E-07    0.0000E+00
   800   -5.3450E-08    0.0000E+00    1.2952E-06    0.0000E+00
   801    3.3773E-07    0.0000E+00    7.1760E-07    0.0000E+00
   802   -7.9703E-08    0.0000E+00   -9.0595E-08    0.0000E+00
   803   -4.2437E-07    0.0000E+00    3.0302E-07    0.0000E+00
   804   -3.8218E-07    0.0000E+00    8.4797E-07    0.0000E+00
   805    2.2504E-07    0.0000E+00    7.2142E-07    0.0000E+00
   806   -1.4815E-07    0.0000E+00   -5.9740E-07    0.0000E+00
   807   -3.9369E-07    0.0000E+00    2.6458E-07    0.0000E+00
   808   -4.9535E-08    0.0000E+00   -8.0670E-07    0.0000E+00
   809    1.5125E-07    0.0000E+00    1.5741E-06    0.0000E+00
   810   -5.8269E-08    0.0000E+00   -5.5063E-07    0.0000E+00
   811    8.3403E-08    0.0000E+00    5.3770E-07    0.0000E+00
   812   -3.9861E-07    0.0000E+00    5.8529E-07    0.0000E+00
   813    2.3199E-07    0.0000E+00   -1.6663E-06    0.0000E+00
   814   -5.7040E-08    0.0000E+00    2.1289E-06    0.0000E+00
   815    7.3696E-07    0.0000E+00   -1.0970E-06    0.0000E+00
   816    1.6673E-07    0.0000E+00    4.8865E-07    0.0000E+00
   817   -2.9910E-07    0.0000E+00    1.9145E-06    0.0000E+00
   818   -2.9735E-07    0.0000E+00   -2.5185E-07    0.0000E+00
   819    7.0256E-07    0.0000E+00   -2.4457E-06    0.0000E+00
   820    7.2852E-07    0.0000E+00   -1.5044E-06    0.0000E+00
   821   -3.8884E-08    0.0000E+00    1.6661E-07    0.0000E+00
   822   -2.7601E-07    0.0000E+00   -1.1979E-07    0.0000E+00
   823   -2.0597E-07    0.0000E+00   -5.9358E-07    0.0000E+00
   824   -6.5830E-08    0.0000E+00   -2.1434E-07    0.0000E+00
   825   -1.3058E-07    0.0000E+00    4.9801E-07    0.0000E+00
   826   -3.6231E-07    0.0000E+00    7.8770E-07    0.0000E+00
   827   -7.0559E-07    0.0000E+00    2.6359E-07    0.0000E+00
   828    4.2210E-08    0.0000E+00    5.3893E-07    0.0000E+00
   829   -6.1837E-07    0.0000E+00    1.2185E-07    0.0000E+00
   830   -8.1617E-07    0.0000E+00   -2.9401E-07    0.0000E+00
   831    1.9007E-07    0.0000E+00    1.3213E-07    0.0000E+00
   832    3.0303E-07    0.0000E+00   -1.1091E-07    0.0000E+00
   833   -1.1225E-06    0.0000E+00   -8.2130E-08    0.0000E+00
   834   -8.7315E-07    0.0000E+00    4.9431E-08    0.0000E+00
   835   -8.4368E-07    0.0000E+00    1.7227E-08    0.0000E+00
   836   -4.6517E-07    0.0000E+00    7.1585E-07    0.0000E+00
   837    8.7083E-07    0.0000E+00   -1.2015E-06    0.0000E+00
   838    6.3062E-06    0.0000E+00   -1.4592E-06    0.0000E+00
   839    4.3953E-06    0.0000E+00   -5.5162E-07    0.0000E+00
   840   -5.5531E-06    0.0000E+00    1.3936E-06    0.0000E+00
   841   -9.7909E-06    0.0000E+00    1.5060E-06    0.0000E+00
   842   -8.3848E-06    0.0000E+00    8.6120E-07    0.0000E+00
   843   -5.2462E-06    0.0000E+00   -2.3555E-07    0.0000E+00
   844   -2.9983E-06    0.0000E+00   -6.1667E-08    0.0000E+00
   845   -2.3262E-06    0.0000E+00   -4.5639E-07    0.0000E+00
   846   -1.1468E-06    0.0000E+00   -3.1530E-07    0.0000E+00
   847    3.6857E-07    0.0000E+00    1.6958E-07    0.0000E+00
   848    8.3226E-08    0.0000E+00    7.3682E-08    0.0000E+00
   849   -8.0668E-07    0.0000E+00   -1.1627E-07    0.0000E+00
   850   -8.8401E-07    0.0000E+00   -2.4554E-07    0.0000E+00
   851   -4.4323E-07    0.0000E+00   -5.9814E-07    0.0000E+00
   852    2.3205E-08    0.0000E+00   -3.3819E-08    0.0000E+00
   853   -4.4923E-07    0.0000E+00    3.2028E-07    0.0000E+00
   854   -7.9374E-07    0.0000E+00    4.6267E-07    0.0000E+00
   855   -1.7722E-07    0.0000E+00   -3.0752E-07    0.0000E+00
   856   -4.1220E-07    0.0000E+00    5.8047E-07    0.0000E+00
   857   -2.3258E-07    0.0000E+00   -8.6842E-08    0.0000E+00
   858   -4.6687E-07    0.0000E+00   -1.3926E-07    0.0000E+00
