           2  -1.5786102352345810     
           3  -1.6018815917414939     
           4  -1.6180844385209496     
           5  -1.6313289660080992     
           6  -1.6428664535740556     
           7  -1.6532392436798804     
           8  -1.6627579225645173     
           9  -1.6716166224565918     
          10  -1.6799445910038993     
          11  -1.6878323148825098     
          12  -1.6953480094352198     
          13  -1.7025443620034393     
          14  -1.7094636333331326     
          15  -1.7161397483265954     
          16  -1.7226007734599367     
          17  -1.7288700839210975     
          18  -1.7349673257050384     
          19  -1.7409091393807523     
          20  -1.7467097145960868     
          21  -1.7523816437481494     
          22  -1.7579356464373683     
          23  -1.7633811876881267     
          24  -1.7687265633547673     
          25  -1.7739790387527650     
          26  -1.7791451563186633     
          27  -1.7842306555384835     
          28  -1.7892406573683419     
          29  -1.7941801514949050     
          30  -1.7990532930278496     
          31  -1.8038639239748822     
          32  -1.8086155255054097     
          33  -1.8133115389054302     
          34  -1.8179546160534248     
          35  -1.8225480829420175     
          36  -1.8270943449640145     
          37  -1.8315956455911286     
          38  -1.8360541817544074     
          39  -1.8404723482869279     
          40  -1.8448516262292773     
          41  -1.8491945995211774     
          42  -1.8535025725576453     
          43  -1.8577769880539299     
          44  -1.8620193253980568     
          45  -1.8662315116469288     
          46  -1.8704143708614527     
          47  -1.8745697913938570     
          48  -1.8786984265907620     
          49  -1.8828014299288485     
          50  -1.8868799334707980     
          51  -1.8909353845761661     
          52  -1.8949681630419071     
          53  -1.8989798880579241     
          54  -1.9029706830078732     
          55  -1.9069418354307766     
          56  -1.9108942621821867     
          57  -1.9148286837269293     
          58  -1.9187451399870568     
          59  -1.9226450474587975     
          60  -1.9265282888376465     
          61  -1.9303963529215684     
          62  -1.9342499107945785     
          63  -1.9380890825302297     
          64  -1.9419133451518968     
          65  -1.9457251644502671     
          66  -1.9495236756178504     
          67  -1.9533102947412000     
          68  -1.9570853261638037     
          69  -1.9608484787358353     
          70  -1.9645991061049812     
          71  -1.9683403073099746     
          72  -1.9720708419774728     
          73  -1.9757914621367321     
          74  -1.9795022527092148     
          75  -1.9832027354479336     
          76  -1.9868923649905130     
          77  -1.9905740015157247     
          78  -1.9942463486240289     
          79  -1.9979096335785436     
          80  -2.0015637847919110     
          81  -2.0052087070517426     
          82  -2.0088444297563335     
          83  -2.0124722473886498     
          84  -2.0160905514354268     
          85  -2.0196995982798582     
          86  -2.0232991878930005     
          87  -2.0268895631761952     
          88  -2.0304711325707969     
          89  -2.0340438484559278     
          90  -2.0376051608814048     
          91  -2.0411576657438477     
          92  -2.0446999459044246     
          93  -2.0482320411247490     
          94  -2.0517540938803629     
          95  -2.0552651322957929     
          96  -2.0587620520777112     
          97  -2.0622490935803768     
          98  -2.0657231060894787     
          99  -2.0691826192003062     
         100  -2.0726257904859264     
         101  -2.0760497045470760     
