  VMEC2000 V8.51
     MN       GMNC         GMNS           BMNC          BMNS
     1   -8.4135E-03    0.0000E+00    9.3959E-01    0.0000E+00
     2   -1.2748E-03    0.0000E+00    2.9893E-02    0.0000E+00
     3   -2.0085E-05    0.0000E+00   -2.3814E-02    0.0000E+00
     4   -2.4211E-05    0.0000E+00   -7.7916E-03    0.0000E+00
     5    2.8075E-07    0.0000E+00    5.8740E-04    0.0000E+00
     6   -1.3301E-05    0.0000E+00   -2.1367E-03    0.0000E+00
     7    1.0126E-05    0.0000E+00    1.2649E-03    0.0000E+00
     8   -3.3749E-06    0.0000E+00   -1.9934E-04    0.0000E+00
     9    1.4231E-06    0.0000E+00    2.7881E-04    0.0000E+00
    10   -2.2112E-06    0.0000E+00    9.5312E-06    0.0000E+00
    11    3.7931E-06    0.0000E+00    1.2642E-04    0.0000E+00
    12    4.8848E-06    0.0000E+00    5.1378E-04    0.0000E+00
    13   -2.4490E-06    0.0000E+00   -1.7557E-04    0.0000E+00
    14   -1.6163E-06    0.0000E+00   -1.6685E-04    0.0000E+00
    15    2.3344E-06    0.0000E+00    1.7120E-04    0.0000E+00
    16    1.9454E-06    0.0000E+00    2.3980E-04    0.0000E+00
    17    6.0681E-07    0.0000E+00    5.6249E-05    0.0000E+00
    18    2.5081E-09    0.0000E+00    6.3178E-05    0.0000E+00
    19   -6.3940E-08    0.0000E+00   -3.4958E-05    0.0000E+00
    20    1.8484E-09    0.0000E+00    6.7609E-05    0.0000E+00
    21    2.4628E-07    0.0000E+00    5.5684E-05    0.0000E+00
    22   -2.9422E-08    0.0000E+00    6.3197E-06    0.0000E+00
    23    3.5805E-07    0.0000E+00    5.9072E-05    0.0000E+00
    24    1.6992E-06    0.0000E+00    3.5828E-04    0.0000E+00
    25   -4.0331E-06    0.0000E+00   -7.2697E-04    0.0000E+00
    26    2.5603E-06    0.0000E+00    1.9012E-04    0.0000E+00
    27   -4.6849E-06    0.0000E+00    3.4744E-04    0.0000E+00
    28    8.1903E-06    0.0000E+00    9.4458E-05    0.0000E+00
    29   -1.6488E-06    0.0000E+00   -2.0837E-05    0.0000E+00
    30   -1.1149E-05    0.0000E+00   -1.9521E-05    0.0000E+00
    31    1.7263E-06    0.0000E+00   -6.2978E-06    0.0000E+00
    32   -1.2431E-05    0.0000E+00   -4.5980E-06    0.0000E+00
    33    1.7976E-06    0.0000E+00    1.1395E-05    0.0000E+00
    34    1.0786E-06    0.0000E+00    1.5284E-05    0.0000E+00
    35   -4.1808E-06    0.0000E+00   -3.4026E-05    0.0000E+00
    36    7.8485E-07    0.0000E+00   -4.0861E-04    0.0000E+00
    37   -1.0842E-06    0.0000E+00   -1.0045E-03    0.0000E+00
    38   -1.8703E-05    0.0000E+00   -9.8748E-04    0.0000E+00
    39    5.1817E-06    0.0000E+00    3.1558E-04    0.0000E+00
    40   -1.2189E-05    0.0000E+00    8.8586E-04    0.0000E+00
    41   -1.4959E-05    0.0000E+00   -3.6699E-04    0.0000E+00
    42    2.1521E-05    0.0000E+00   -3.0455E-05    0.0000E+00
    43   -3.5998E-05    0.0000E+00   -1.9121E-04    0.0000E+00
    44   -2.8718E-05    0.0000E+00   -2.3844E-04    0.0000E+00
    45    2.4367E-05    0.0000E+00    5.5800E-04    0.0000E+00
    46   -1.7756E-05    0.0000E+00   -1.0919E-03    0.0000E+00
    47    6.2633E-05    0.0000E+00    3.4267E-04    0.0000E+00
    48   -8.8379E-05    0.0000E+00   -3.4772E-03    0.0000E+00
    49    4.1287E-04    0.0000E+00   -1.3988E-03    0.0000E+00
    50    1.2062E-04    0.0000E+00    1.5029E-02    0.0000E+00
    51   -4.8569E-04    0.0000E+00   -8.9194E-02    0.0000E+00
    52   -2.0050E-04    0.0000E+00   -1.2439E-02    0.0000E+00
    53    1.2534E-05    0.0000E+00    2.2920E-03    0.0000E+00
    54   -3.1499E-05    0.0000E+00    4.1284E-04    0.0000E+00
    55   -2.7765E-05    0.0000E+00   -7.5296E-04    0.0000E+00
    56    3.2932E-05    0.0000E+00    1.7631E-04    0.0000E+00
    57   -4.6793E-05    0.0000E+00    5.9953E-05    0.0000E+00
    58   -1.3260E-05    0.0000E+00   -9.0817E-05    0.0000E+00
    59    1.1252E-05    0.0000E+00    1.7912E-04    0.0000E+00
    60   -1.9497E-05    0.0000E+00   -3.6521E-04    0.0000E+00
    61   -2.6593E-06    0.0000E+00    1.6022E-04    0.0000E+00
    62   -1.8461E-06    0.0000E+00   -4.6287E-05    0.0000E+00
    63   -5.0776E-06    0.0000E+00    2.8210E-05    0.0000E+00
    64    4.9325E-06    0.0000E+00    4.1494E-04    0.0000E+00
    65    5.8821E-06    0.0000E+00    3.2650E-04    0.0000E+00
    66   -1.2416E-05    0.0000E+00    6.9620E-05    0.0000E+00
    67    3.3150E-06    0.0000E+00   -1.9987E-06    0.0000E+00
    68   -8.2095E-06    0.0000E+00   -2.4076E-05    0.0000E+00
    69   -1.8484E-06    0.0000E+00   -7.9930E-07    0.0000E+00
    70    2.8733E-06    0.0000E+00   -2.1041E-05    0.0000E+00
    71   -7.5686E-06    0.0000E+00    1.4089E-06    0.0000E+00
    72    2.3905E-06    0.0000E+00    1.2203E-04    0.0000E+00
    73    6.9303E-06    0.0000E+00   -3.3285E-05    0.0000E+00
    74   -2.1289E-05    0.0000E+00   -1.0010E-03    0.0000E+00
    75    1.8937E-06    0.0000E+00    4.4207E-04    0.0000E+00
    76   -1.0566E-06    0.0000E+00   -1.6437E-04    0.0000E+00
    77   -2.3924E-06    0.0000E+00   -1.2650E-04    0.0000E+00
    78   -1.2906E-06    0.0000E+00   -1.5634E-05    0.0000E+00
    79    2.5244E-06    0.0000E+00    1.4992E-05    0.0000E+00
    80    5.5964E-07    0.0000E+00   -7.5899E-05    0.0000E+00
    81    1.1657E-06    0.0000E+00    1.5173E-05    0.0000E+00
    82    1.9179E-06    0.0000E+00   -5.7427E-05    0.0000E+00
    83   -4.2588E-07    0.0000E+00    1.8526E-05    0.0000E+00
    84    1.1462E-06    0.0000E+00    5.9185E-07    0.0000E+00
    85   -1.6958E-07    0.0000E+00   -2.1023E-04    0.0000E+00
    86   -5.0476E-06    0.0000E+00   -6.7430E-04    0.0000E+00
    87   -7.6680E-06    0.0000E+00   -1.1016E-03    0.0000E+00
    88   -8.0845E-06    0.0000E+00   -7.4672E-04    0.0000E+00
    89    2.3581E-06    0.0000E+00    8.7860E-04    0.0000E+00
    90    1.4268E-05    0.0000E+00    7.7824E-04    0.0000E+00
    91   -9.1086E-06    0.0000E+00   -1.1966E-03    0.0000E+00
    92    1.2817E-06    0.0000E+00    6.2792E-04    0.0000E+00
    93    9.5846E-06    0.0000E+00   -7.1288E-04    0.0000E+00
    94    2.7412E-06    0.0000E+00   -5.6079E-05    0.0000E+00
    95   -3.0436E-06    0.0000E+00    2.3300E-04    0.0000E+00
    96   -1.0397E-05    0.0000E+00   -6.0225E-04    0.0000E+00
    97   -1.6287E-05    0.0000E+00    4.6866E-04    0.0000E+00
    98   -1.7345E-05    0.0000E+00    2.9093E-04    0.0000E+00
    99   -1.8990E-04    0.0000E+00    3.0597E-03    0.0000E+00
   100   -2.2933E-04    0.0000E+00   -1.7609E-03    0.0000E+00
   101    5.5696E-05    0.0000E+00    4.1243E-03    0.0000E+00
   102    1.0987E-05    0.0000E+00   -5.3233E-04    0.0000E+00
   103   -4.9580E-06    0.0000E+00    1.4263E-04    0.0000E+00
   104    1.0314E-05    0.0000E+00    1.2426E-04    0.0000E+00
   105   -4.5091E-06    0.0000E+00   -1.6584E-04    0.0000E+00
   106    5.2582E-06    0.0000E+00    5.1728E-04    0.0000E+00
   107    8.0578E-06    0.0000E+00   -4.4626E-04    0.0000E+00
   108    2.3306E-07    0.0000E+00    1.3292E-04    0.0000E+00
   109   -3.2783E-06    0.0000E+00   -2.8815E-04    0.0000E+00
   110    5.9844E-06    0.0000E+00    1.4236E-04    0.0000E+00
   111    1.1098E-06    0.0000E+00   -4.6399E-05    0.0000E+00
   112    5.8610E-07    0.0000E+00    1.2600E-04    0.0000E+00
   113    2.2824E-07    0.0000E+00   -8.5185E-05    0.0000E+00
   114   -3.0397E-06    0.0000E+00   -3.5115E-04    0.0000E+00
   115   -1.2006E-06    0.0000E+00   -2.9431E-04    0.0000E+00
   116    1.7836E-07    0.0000E+00   -1.8138E-04    0.0000E+00
   117    2.4715E-07    0.0000E+00    1.9240E-05    0.0000E+00
   118    1.8222E-06    0.0000E+00   -1.7024E-05    0.0000E+00
   119   -7.0402E-07    0.0000E+00   -2.6652E-06    0.0000E+00
   120    1.1449E-06    0.0000E+00   -7.1467E-06    0.0000E+00
   121    1.3098E-06    0.0000E+00   -7.0785E-05    0.0000E+00
   122   -4.3161E-06    0.0000E+00   -3.1484E-04    0.0000E+00
   123   -1.7401E-06    0.0000E+00    2.0301E-04    0.0000E+00
   124   -2.6731E-07    0.0000E+00    1.2395E-04    0.0000E+00
   125   -1.7487E-06    0.0000E+00   -1.6588E-04    0.0000E+00
   126   -1.4778E-06    0.0000E+00    1.1191E-05    0.0000E+00
   127    2.5418E-07    0.0000E+00    6.8797E-06    0.0000E+00
   128   -9.9938E-07    0.0000E+00    4.7678E-06    0.0000E+00
   129   -1.5993E-08    0.0000E+00   -5.8011E-06    0.0000E+00
   130   -1.1052E-07    0.0000E+00   -1.4780E-06    0.0000E+00
   131   -1.0735E-06    0.0000E+00   -3.6241E-06    0.0000E+00
   132    2.7886E-07    0.0000E+00    2.2951E-05    0.0000E+00
   133   -3.7361E-07    0.0000E+00   -2.0592E-06    0.0000E+00
   134   -3.8475E-07    0.0000E+00    1.7592E-06    0.0000E+00
   135    2.7720E-07    0.0000E+00   -1.2487E-04    0.0000E+00
   136   -2.3859E-06    0.0000E+00   -4.0139E-04    0.0000E+00
   137   -4.7958E-06    0.0000E+00   -5.9231E-04    0.0000E+00
   138   -3.1107E-06    0.0000E+00   -2.0313E-04    0.0000E+00
   139    1.7032E-06    0.0000E+00    7.5839E-04    0.0000E+00
   140    2.0782E-06    0.0000E+00    1.2071E-04    0.0000E+00
   141   -1.8868E-06    0.0000E+00   -5.4141E-04    0.0000E+00
   142   -7.7585E-07    0.0000E+00    3.2319E-04    0.0000E+00
   143   -7.5352E-06    0.0000E+00   -4.0684E-04    0.0000E+00
   144    2.1228E-06    0.0000E+00    2.3956E-04    0.0000E+00
   145    1.5203E-05    0.0000E+00   -1.3275E-04    0.0000E+00
   146   -1.4721E-05    0.0000E+00   -4.5080E-05    0.0000E+00
   147    2.9414E-05    0.0000E+00   -1.0992E-04    0.0000E+00
   148   -3.2664E-05    0.0000E+00   -1.9661E-03    0.0000E+00
   149   -5.5559E-05    0.0000E+00    1.4750E-04    0.0000E+00
   150   -2.7952E-04    0.0000E+00   -3.6419E-03    0.0000E+00
   151   -2.8119E-05    0.0000E+00    1.8415E-03    0.0000E+00
   152    4.0843E-06    0.0000E+00    3.7800E-04    0.0000E+00
   153   -4.1912E-06    0.0000E+00   -2.3960E-04    0.0000E+00
   154   -8.9756E-07    0.0000E+00   -1.8664E-05    0.0000E+00
   155    1.1670E-06    0.0000E+00    2.4759E-05    0.0000E+00
   156   -3.4780E-06    0.0000E+00   -7.1792E-05    0.0000E+00
   157   -6.5218E-07    0.0000E+00    1.0273E-04    0.0000E+00
   158    2.4957E-07    0.0000E+00   -2.0964E-05    0.0000E+00
   159   -1.2894E-06    0.0000E+00   -6.0605E-05    0.0000E+00
   160    1.7620E-07    0.0000E+00    1.6607E-04    0.0000E+00
   161   -9.6728E-07    0.0000E+00   -8.6094E-05    0.0000E+00
   162   -3.3944E-07    0.0000E+00   -1.2973E-04    0.0000E+00
   163    5.9222E-07    0.0000E+00    1.1962E-04    0.0000E+00
   164    5.5700E-07    0.0000E+00    2.5186E-04    0.0000E+00
   165    5.3556E-07    0.0000E+00    1.6933E-04    0.0000E+00
   166    6.1576E-07    0.0000E+00    5.9006E-05    0.0000E+00
   167   -7.1777E-07    0.0000E+00   -9.1750E-06    0.0000E+00
   168    1.2036E-07    0.0000E+00   -6.1045E-06    0.0000E+00
   169   -2.4915E-07    0.0000E+00   -2.8560E-07    0.0000E+00
   170   -3.4826E-07    0.0000E+00    8.2493E-05    0.0000E+00
   171    1.1164E-06    0.0000E+00    9.4592E-05    0.0000E+00
   172    8.9549E-07    0.0000E+00    3.8947E-04    0.0000E+00
   173    2.1935E-07    0.0000E+00   -2.5075E-04    0.0000E+00
   174    2.0775E-06    0.0000E+00    9.0184E-05    0.0000E+00
   175    1.6255E-06    0.0000E+00    2.7861E-05    0.0000E+00
   176    2.8271E-06    0.0000E+00   -8.1844E-06    0.0000E+00
   177    1.2330E-06    0.0000E+00    1.3515E-05    0.0000E+00
   178   -7.1133E-07    0.0000E+00    1.2334E-05    0.0000E+00
   179   -4.8765E-07    0.0000E+00   -1.4101E-05    0.0000E+00
   180   -5.5090E-07    0.0000E+00    1.7893E-06    0.0000E+00
   181   -5.9488E-07    0.0000E+00   -1.2829E-05    0.0000E+00
   182   -1.8024E-07    0.0000E+00    1.3207E-05    0.0000E+00
   183   -3.4642E-07    0.0000E+00    1.4532E-05    0.0000E+00
   184    3.0637E-07    0.0000E+00    2.6135E-05    0.0000E+00
   185   -1.2236E-07    0.0000E+00   -4.8289E-05    0.0000E+00
   186   -1.7435E-06    0.0000E+00   -1.7429E-04    0.0000E+00
   187   -1.6238E-06    0.0000E+00   -2.7325E-04    0.0000E+00
   188   -4.5199E-07    0.0000E+00    3.8445E-05    0.0000E+00
   189    1.4706E-06    0.0000E+00    3.8982E-04    0.0000E+00
   190   -1.7822E-06    0.0000E+00   -2.9118E-04    0.0000E+00
   191   -4.3463E-07    0.0000E+00   -1.7772E-05    0.0000E+00
   192   -2.5825E-06    0.0000E+00    4.8393E-05    0.0000E+00
   193   -1.7541E-06    0.0000E+00   -1.7123E-04    0.0000E+00
   194   -2.3568E-06    0.0000E+00    1.1360E-04    0.0000E+00
   195   -2.6942E-05    0.0000E+00   -5.0930E-05    0.0000E+00
   196    7.5019E-05    0.0000E+00    1.5151E-04    0.0000E+00
   197   -3.9588E-05    0.0000E+00    7.7115E-05    0.0000E+00
   198    7.9304E-05    0.0000E+00    4.3211E-04    0.0000E+00
   199    1.4689E-04    0.0000E+00    3.7107E-04    0.0000E+00
   200    8.1246E-05    0.0000E+00   -2.5397E-04    0.0000E+00
   201    1.8051E-05    0.0000E+00    4.6371E-05    0.0000E+00
   202   -6.4477E-06    0.0000E+00   -1.8420E-04    0.0000E+00
   203   -3.9832E-06    0.0000E+00   -1.0359E-05    0.0000E+00
   204    2.5078E-07    0.0000E+00   -7.0061E-05    0.0000E+00
   205   -7.7492E-07    0.0000E+00    7.3060E-05    0.0000E+00
   206   -3.0777E-06    0.0000E+00   -8.3427E-05    0.0000E+00
   207    4.7618E-07    0.0000E+00    2.7704E-05    0.0000E+00
   208   -1.1061E-06    0.0000E+00   -6.5562E-06    0.0000E+00
   209   -1.3947E-06    0.0000E+00    1.6677E-05    0.0000E+00
   210   -5.0616E-07    0.0000E+00   -1.0903E-04    0.0000E+00
   211    7.2255E-08    0.0000E+00    7.9289E-05    0.0000E+00
   212    2.1738E-07    0.0000E+00    2.7901E-05    0.0000E+00
   213    1.5135E-07    0.0000E+00   -1.3133E-04    0.0000E+00
   214   -3.7734E-07    0.0000E+00   -1.4624E-04    0.0000E+00
   215   -4.4571E-07    0.0000E+00   -7.2038E-05    0.0000E+00
   216   -5.2390E-07    0.0000E+00   -4.5871E-06    0.0000E+00
   217   -3.3183E-07    0.0000E+00   -6.0467E-06    0.0000E+00
   218   -1.1906E-07    0.0000E+00    1.6582E-05    0.0000E+00
   219   -6.7996E-07    0.0000E+00   -2.8389E-05    0.0000E+00
   220   -5.5673E-07    0.0000E+00   -1.0633E-04    0.0000E+00
   221    1.8629E-07    0.0000E+00   -4.7362E-05    0.0000E+00
   222   -5.5915E-07    0.0000E+00   -1.1618E-04    0.0000E+00
   223    5.9718E-07    0.0000E+00    1.7335E-04    0.0000E+00
   224    9.7061E-07    0.0000E+00   -4.5498E-05    0.0000E+00
   225    1.0305E-06    0.0000E+00    1.4606E-05    0.0000E+00
   226   -8.9339E-07    0.0000E+00    5.7091E-06    0.0000E+00
   227    5.1704E-07    0.0000E+00    1.9689E-06    0.0000E+00
   228    6.8372E-07    0.0000E+00    6.8085E-06    0.0000E+00
   229    2.9351E-07    0.0000E+00   -3.6537E-06    0.0000E+00
   230    1.1121E-06    0.0000E+00   -3.4974E-06    0.0000E+00
   231    5.1487E-07    0.0000E+00    3.6416E-06    0.0000E+00
   232   -1.1286E-08    0.0000E+00    2.4357E-06    0.0000E+00
   233    3.9315E-07    0.0000E+00    7.3972E-06    0.0000E+00
   234   -6.7316E-07    0.0000E+00    9.7936E-06    0.0000E+00
   235    1.2300E-07    0.0000E+00   -3.0810E-05    0.0000E+00
   236   -3.5028E-08    0.0000E+00   -8.8193E-05    0.0000E+00
   237   -2.2960E-06    0.0000E+00   -9.3260E-05    0.0000E+00
   238    2.0822E-06    0.0000E+00    6.8610E-05    0.0000E+00
   239    4.0944E-06    0.0000E+00    1.3033E-04    0.0000E+00
   240   -3.9093E-06    0.0000E+00   -2.2223E-04    0.0000E+00
   241    1.4969E-06    0.0000E+00    9.4425E-05    0.0000E+00
   242    2.9731E-06    0.0000E+00   -9.8034E-06    0.0000E+00
   243    1.0711E-05    0.0000E+00   -1.9023E-05    0.0000E+00
   244   -1.8150E-05    0.0000E+00   -5.0281E-05    0.0000E+00
   245    1.1126E-05    0.0000E+00    7.3390E-08    0.0000E+00
   246   -7.6230E-05    0.0000E+00    6.1735E-05    0.0000E+00
   247    8.7945E-05    0.0000E+00    9.2189E-05    0.0000E+00
   248    1.0268E-04    0.0000E+00   -2.4516E-04    0.0000E+00
   249    1.6121E-05    0.0000E+00   -1.0480E-04    0.0000E+00
   250    9.8478E-06    0.0000E+00    2.6943E-04    0.0000E+00
   251    5.5469E-06    0.0000E+00   -2.8729E-05    0.0000E+00
   252    6.5166E-06    0.0000E+00   -1.3569E-05    0.0000E+00
   253    2.0304E-06    0.0000E+00   -5.1081E-06    0.0000E+00
   254    2.1364E-07    0.0000E+00    2.2622E-05    0.0000E+00
   255    1.6014E-06    0.0000E+00   -3.8540E-06    0.0000E+00
   256    1.3602E-06    0.0000E+00    1.5276E-05    0.0000E+00
   257    8.7935E-07    0.0000E+00   -1.2581E-05    0.0000E+00
   258    1.3272E-06    0.0000E+00   -1.2672E-05    0.0000E+00
   259    3.8568E-07    0.0000E+00    3.5700E-05    0.0000E+00
   260    2.7154E-07    0.0000E+00    2.5251E-05    0.0000E+00
   261    8.1675E-07    0.0000E+00   -2.3339E-05    0.0000E+00
   262   -6.6705E-09    0.0000E+00    3.7638E-05    0.0000E+00
   263    1.5549E-07    0.0000E+00    8.4420E-05    0.0000E+00
   264    2.0026E-07    0.0000E+00    5.7799E-05    0.0000E+00
   265    3.4799E-07    0.0000E+00    1.9303E-05    0.0000E+00
   266    9.3107E-07    0.0000E+00   -3.6727E-06    0.0000E+00
   267    3.6755E-07    0.0000E+00   -1.8851E-06    0.0000E+00
   268   -1.3568E-08    0.0000E+00    1.6572E-05    0.0000E+00
   269    4.0654E-07    0.0000E+00    2.1108E-05    0.0000E+00
   270   -2.6359E-07    0.0000E+00    8.7322E-05    0.0000E+00
   271    3.4112E-07    0.0000E+00    4.5433E-06    0.0000E+00
   272   -2.3212E-06    0.0000E+00   -3.4858E-05    0.0000E+00
   273   -1.1165E-06    0.0000E+00    6.1271E-05    0.0000E+00
   274   -2.1533E-06    0.0000E+00   -1.8199E-05    0.0000E+00
   275   -3.4407E-06    0.0000E+00   -9.6857E-06    0.0000E+00
   276   -7.9829E-07    0.0000E+00    8.1244E-06    0.0000E+00
   277    1.0964E-07    0.0000E+00    9.3226E-06    0.0000E+00
   278   -1.7245E-07    0.0000E+00   -9.0161E-06    0.0000E+00
   279   -2.0316E-07    0.0000E+00   -2.5582E-06    0.0000E+00
   280   -5.3553E-07    0.0000E+00    2.4886E-06    0.0000E+00
   281   -5.4522E-07    0.0000E+00   -2.4640E-08    0.0000E+00
   282    8.6842E-07    0.0000E+00    7.3044E-07    0.0000E+00
   283   -7.4646E-07    0.0000E+00    3.3622E-06    0.0000E+00
   284   -5.0326E-07    0.0000E+00   -4.2843E-06    0.0000E+00
   285    2.3982E-08    0.0000E+00   -8.9777E-06    0.0000E+00
   286   -1.2228E-06    0.0000E+00   -2.2436E-05    0.0000E+00
   287    7.8526E-07    0.0000E+00   -2.9956E-05    0.0000E+00
   288   -8.9115E-07    0.0000E+00    3.0352E-05    0.0000E+00
   289   -2.5180E-06    0.0000E+00    2.4722E-05    0.0000E+00
   290    1.1874E-06    0.0000E+00   -8.6792E-05    0.0000E+00
   291   -1.1450E-07    0.0000E+00    4.6199E-05    0.0000E+00
   292   -1.4152E-06    0.0000E+00   -7.1250E-06    0.0000E+00
   293   -1.7827E-05    0.0000E+00    9.0446E-06    0.0000E+00
   294    6.7628E-05    0.0000E+00    2.3443E-05    0.0000E+00
   295   -5.5932E-05    0.0000E+00   -6.4690E-05    0.0000E+00
   296   -4.0741E-05    0.0000E+00   -9.6210E-05    0.0000E+00
   297   -7.8365E-06    0.0000E+00    1.2582E-04    0.0000E+00
   298    1.7448E-05    0.0000E+00    2.0944E-04    0.0000E+00
   299   -1.4129E-05    0.0000E+00   -3.2528E-05    0.0000E+00
   300   -1.7558E-05    0.0000E+00    2.4089E-05    0.0000E+00
   301   -2.1179E-06    0.0000E+00    9.2140E-06    0.0000E+00
   302   -8.6488E-07    0.0000E+00    5.9092E-06    0.0000E+00
   303   -2.5487E-06    0.0000E+00    7.9984E-06    0.0000E+00
   304    1.3379E-06    0.0000E+00    4.3145E-06    0.0000E+00
   305    1.5043E-07    0.0000E+00   -1.3510E-05    0.0000E+00
   306   -2.6771E-06    0.0000E+00    8.3948E-06    0.0000E+00
   307   -7.0791E-07    0.0000E+00    7.5204E-06    0.0000E+00
   308    3.0137E-07    0.0000E+00   -5.3466E-06    0.0000E+00
   309   -6.2079E-07    0.0000E+00   -2.1192E-05    0.0000E+00
   310    2.6416E-07    0.0000E+00    8.4813E-07    0.0000E+00
   311   -8.2685E-07    0.0000E+00   -9.0179E-06    0.0000E+00
   312   -2.2421E-07    0.0000E+00   -3.0780E-05    0.0000E+00
   313    3.9330E-07    0.0000E+00   -3.9154E-05    0.0000E+00
   314   -3.7465E-07    0.0000E+00   -2.1363E-05    0.0000E+00
   315   -2.7629E-07    0.0000E+00    1.0314E-05    0.0000E+00
   316   -1.0741E-06    0.0000E+00   -1.6866E-05    0.0000E+00
   317   -3.8466E-07    0.0000E+00    2.1515E-05    0.0000E+00
   318    6.0046E-08    0.0000E+00   -3.9431E-05    0.0000E+00
   319   -4.7119E-07    0.0000E+00   -4.2061E-05    0.0000E+00
   320   -1.1172E-06    0.0000E+00    1.0281E-05    0.0000E+00
   321   -1.6473E-07    0.0000E+00    3.1668E-06    0.0000E+00
   322    2.6568E-07    0.0000E+00   -3.2144E-05    0.0000E+00
   323   -8.5709E-07    0.0000E+00   -1.6253E-05    0.0000E+00
   324   -3.5827E-07    0.0000E+00   -1.3374E-07    0.0000E+00
   325    1.0078E-06    0.0000E+00   -2.3299E-05    0.0000E+00
   326   -1.1062E-07    0.0000E+00   -4.6905E-06    0.0000E+00
   327   -4.7557E-07    0.0000E+00    7.7811E-06    0.0000E+00
   328    1.5162E-07    0.0000E+00   -5.6549E-06    0.0000E+00
   329   -2.4613E-08    0.0000E+00    2.1599E-07    0.0000E+00
   330   -7.0115E-07    0.0000E+00    2.6122E-06    0.0000E+00
   331    2.7966E-07    0.0000E+00   -2.3194E-06    0.0000E+00
   332   -5.0035E-07    0.0000E+00    2.4422E-06    0.0000E+00
   333    6.8445E-07    0.0000E+00    2.6535E-06    0.0000E+00
   334    4.2162E-07    0.0000E+00    3.6979E-06    0.0000E+00
   335   -2.4569E-06    0.0000E+00   -2.9666E-06    0.0000E+00
   336    6.2833E-07    0.0000E+00   -4.1026E-06    0.0000E+00
   337    2.3347E-06    0.0000E+00    6.9198E-07    0.0000E+00
   338   -7.8968E-07    0.0000E+00    9.1481E-07    0.0000E+00
   339   -1.2295E-06    0.0000E+00   -8.6881E-06    0.0000E+00
   340    1.2456E-06    0.0000E+00   -1.1077E-05    0.0000E+00
   341    3.0911E-06    0.0000E+00    1.2884E-05    0.0000E+00
   342   -8.1837E-06    0.0000E+00   -2.8138E-05    0.0000E+00
   343    3.7480E-06    0.0000E+00    2.6813E-05    0.0000E+00
   344   -3.2301E-05    0.0000E+00    4.0081E-05    0.0000E+00
   345    7.9986E-05    0.0000E+00   -5.5830E-05    0.0000E+00
   346    8.5910E-05    0.0000E+00   -1.2263E-05    0.0000E+00
   347   -1.0968E-05    0.0000E+00   -6.7652E-05    0.0000E+00
   348   -4.1169E-06    0.0000E+00    4.9628E-05    0.0000E+00
   349    2.4337E-05    0.0000E+00    1.4314E-05    0.0000E+00
   350    1.0396E-05    0.0000E+00   -2.2015E-05    0.0000E+00
   351   -1.5975E-06    0.0000E+00   -6.4850E-06    0.0000E+00
   352   -2.2616E-06    0.0000E+00   -6.5999E-06    0.0000E+00
   353   -1.1199E-06    0.0000E+00   -5.1625E-06    0.0000E+00
   354   -3.1314E-07    0.0000E+00    1.3946E-06    0.0000E+00
   355    1.5031E-06    0.0000E+00    2.3916E-06    0.0000E+00
   356    4.2242E-07    0.0000E+00   -9.8650E-06    0.0000E+00
   357   -7.4387E-07    0.0000E+00   -5.4482E-06    0.0000E+00
   358   -4.1843E-07    0.0000E+00    7.2101E-06    0.0000E+00
   359    8.9461E-07    0.0000E+00    4.7088E-06    0.0000E+00
   360   -7.6631E-07    0.0000E+00    7.0580E-07    0.0000E+00
   361   -2.5954E-07    0.0000E+00    1.4216E-05    0.0000E+00
   362   -1.9509E-08    0.0000E+00    2.2464E-05    0.0000E+00
   363   -1.5515E-08    0.0000E+00    2.8632E-06    0.0000E+00
   364    6.8016E-07    0.0000E+00    6.6242E-06    0.0000E+00
   365    7.6727E-08    0.0000E+00   -1.1288E-06    0.0000E+00
   366   -1.2064E-07    0.0000E+00    1.7220E-05    0.0000E+00
   367   -8.7365E-07    0.0000E+00   -3.2309E-05    0.0000E+00
   368   -2.1348E-07    0.0000E+00    1.2378E-07    0.0000E+00
   369    5.2010E-07    0.0000E+00   -1.9883E-05    0.0000E+00
   370    1.1290E-06    0.0000E+00    3.6251E-05    0.0000E+00
   371   -7.8323E-07    0.0000E+00   -2.5507E-05    0.0000E+00
   372    1.2140E-06    0.0000E+00   -7.0950E-05    0.0000E+00
   373    9.1364E-07    0.0000E+00   -4.7556E-05    0.0000E+00
   374    2.4533E-06    0.0000E+00    1.9322E-06    0.0000E+00
   375    2.1121E-06    0.0000E+00    2.9234E-06    0.0000E+00
   376    7.3786E-08    0.0000E+00   -4.1903E-06    0.0000E+00
   377    1.4951E-06    0.0000E+00   -1.5226E-06    0.0000E+00
   378    7.1942E-07    0.0000E+00    1.7712E-06    0.0000E+00
   379    6.7937E-07    0.0000E+00   -1.9638E-06    0.0000E+00
   380    1.7593E-06    0.0000E+00   -1.7066E-07    0.0000E+00
   381   -4.9361E-07    0.0000E+00   -8.5148E-07    0.0000E+00
   382   -4.2463E-07    0.0000E+00   -1.5214E-06    0.0000E+00
   383    9.0030E-07    0.0000E+00    3.3666E-06    0.0000E+00
   384   -4.0579E-07    0.0000E+00    4.1929E-06    0.0000E+00
   385    2.5756E-06    0.0000E+00   -2.7552E-06    0.0000E+00
   386    1.6519E-06    0.0000E+00    2.5245E-06    0.0000E+00
   387   -1.7570E-06    0.0000E+00   -9.5986E-07    0.0000E+00
   388    4.8440E-06    0.0000E+00    5.2444E-06    0.0000E+00
   389    6.4241E-06    0.0000E+00   -7.7222E-06    0.0000E+00
   390   -2.3284E-06    0.0000E+00    7.2474E-06    0.0000E+00
   391   -1.2420E-06    0.0000E+00   -3.3737E-06    0.0000E+00
   392    2.8785E-05    0.0000E+00    1.2955E-05    0.0000E+00
   393   -4.8930E-05    0.0000E+00   -6.7062E-05    0.0000E+00
   394   -1.1279E-05    0.0000E+00    5.4469E-05    0.0000E+00
   395    4.2532E-06    0.0000E+00    1.1600E-04    0.0000E+00
   396    2.0051E-05    0.0000E+00    2.2069E-04    0.0000E+00
   397   -1.2064E-06    0.0000E+00    8.3253E-05    0.0000E+00
   398   -2.4310E-05    0.0000E+00    2.9181E-06    0.0000E+00
   399   -1.2749E-05    0.0000E+00    2.8886E-05    0.0000E+00
   400    4.7359E-07    0.0000E+00    1.7264E-05    0.0000E+00
   401   -1.4904E-06    0.0000E+00   -4.3766E-06    0.0000E+00
   402    5.4695E-06    0.0000E+00    5.3030E-06    0.0000E+00
   403    5.2232E-06    0.0000E+00   -2.6439E-06    0.0000E+00
   404   -7.0100E-07    0.0000E+00   -3.0872E-06    0.0000E+00
   405    2.8508E-06    0.0000E+00    6.2192E-06    0.0000E+00
   406    3.4862E-06    0.0000E+00    5.1447E-06    0.0000E+00
   407    2.0810E-06    0.0000E+00   -4.1268E-06    0.0000E+00
   408    1.3685E-06    0.0000E+00   -1.5074E-06    0.0000E+00
   409   -8.3392E-07    0.0000E+00    1.4789E-06    0.0000E+00
   410   -1.8345E-07    0.0000E+00   -7.0874E-06    0.0000E+00
   411    1.2823E-06    0.0000E+00   -1.1139E-05    0.0000E+00
   412   -9.2820E-07    0.0000E+00   -2.6423E-06    0.0000E+00
   413   -1.4038E-07    0.0000E+00   -9.0488E-06    0.0000E+00
   414    6.7437E-07    0.0000E+00    8.4344E-06    0.0000E+00
   415    8.8600E-07    0.0000E+00   -1.1388E-05    0.0000E+00
   416    1.4676E-06    0.0000E+00   -6.3476E-06    0.0000E+00
   417    1.8916E-07    0.0000E+00    1.1952E-05    0.0000E+00
   418   -9.4270E-07    0.0000E+00   -5.3526E-05    0.0000E+00
   419    1.3978E-06    0.0000E+00    6.2026E-05    0.0000E+00
   420    1.8133E-06    0.0000E+00   -1.1025E-05    0.0000E+00
   421    9.0251E-07    0.0000E+00    1.6846E-06    0.0000E+00
   422    8.5712E-07    0.0000E+00    3.0950E-05    0.0000E+00
   423    7.6370E-09    0.0000E+00   -6.2622E-06    0.0000E+00
   424   -1.4846E-06    0.0000E+00    3.0942E-06    0.0000E+00
   425   -9.3277E-07    0.0000E+00    7.9075E-06    0.0000E+00
   426    6.6849E-07    0.0000E+00    3.5290E-06    0.0000E+00
   427   -6.4248E-07    0.0000E+00   -1.4407E-06    0.0000E+00
   428   -4.6405E-07    0.0000E+00    2.8675E-07    0.0000E+00
   429    6.3983E-07    0.0000E+00   -1.0559E-07    0.0000E+00
   430   -7.4844E-07    0.0000E+00   -2.0794E-06    0.0000E+00
   431    7.8506E-07    0.0000E+00   -9.8932E-08    0.0000E+00
   432    4.9303E-08    0.0000E+00    2.5155E-07    0.0000E+00
   433   -1.7083E-06    0.0000E+00    2.1370E-06    0.0000E+00
   434    1.8462E-06    0.0000E+00    5.1308E-06    0.0000E+00
   435   -2.1606E-07    0.0000E+00   -1.4838E-06    0.0000E+00
   436   -2.6591E-06    0.0000E+00    2.6316E-06    0.0000E+00
   437   -7.4853E-07    0.0000E+00   -1.2858E-06    0.0000E+00
   438   -1.4893E-06    0.0000E+00    6.8917E-06    0.0000E+00
   439    1.4861E-06    0.0000E+00    4.2703E-06    0.0000E+00
   440   -9.5690E-06    0.0000E+00   -2.9995E-06    0.0000E+00
   441    2.0525E-05    0.0000E+00    1.2433E-05    0.0000E+00
   442   -3.8206E-05    0.0000E+00    5.1067E-06    0.0000E+00
   443    8.4061E-05    0.0000E+00   -3.4249E-05    0.0000E+00
   444   -2.1952E-05    0.0000E+00   -3.1083E-05    0.0000E+00
   445   -1.8272E-04    0.0000E+00   -4.0686E-05    0.0000E+00
   446   -1.4825E-04    0.0000E+00   -2.0934E-05    0.0000E+00
   447   -4.4849E-05    0.0000E+00   -5.7878E-07    0.0000E+00
   448   -1.2236E-05    0.0000E+00   -3.0061E-05    0.0000E+00
   449   -1.2422E-05    0.0000E+00   -1.5866E-05    0.0000E+00
   450   -6.2378E-06    0.0000E+00   -1.6242E-06    0.0000E+00
   451   -3.4199E-07    0.0000E+00   -5.9084E-07    0.0000E+00
   452   -3.9851E-07    0.0000E+00    7.3372E-06    0.0000E+00
   453   -1.5497E-06    0.0000E+00    1.7497E-06    0.0000E+00
   454   -7.9644E-07    0.0000E+00    6.1923E-07    0.0000E+00
   455   -1.8971E-06    0.0000E+00    2.2369E-06    0.0000E+00
   456   -7.9477E-07    0.0000E+00    6.4125E-06    0.0000E+00
   457   -5.6879E-09    0.0000E+00    3.8646E-06    0.0000E+00
   458   -1.0216E-06    0.0000E+00   -4.5520E-06    0.0000E+00
   459   -4.5009E-08    0.0000E+00   -2.6584E-06    0.0000E+00
   460   -1.1404E-07    0.0000E+00    3.5333E-06    0.0000E+00
   461   -4.4603E-07    0.0000E+00    4.6819E-06    0.0000E+00
   462    8.3724E-07    0.0000E+00   -2.3738E-06    0.0000E+00
   463   -3.5094E-08    0.0000E+00    2.6420E-06    0.0000E+00
   464   -6.7918E-07    0.0000E+00    3.0848E-06    0.0000E+00
   465   -5.5349E-07    0.0000E+00   -8.4558E-06    0.0000E+00
   466    2.8148E-07    0.0000E+00   -5.1505E-06    0.0000E+00
   467   -2.6402E-07    0.0000E+00   -2.0467E-05    0.0000E+00
   468   -9.5079E-07    0.0000E+00   -1.8486E-05    0.0000E+00
   469   -1.4667E-06    0.0000E+00    2.2861E-05    0.0000E+00
   470   -3.1903E-07    0.0000E+00   -4.6770E-07    0.0000E+00
   471   -6.0948E-07    0.0000E+00    1.2249E-05    0.0000E+00
   472   -5.1574E-07    0.0000E+00    3.7284E-05    0.0000E+00
   473   -1.3381E-06    0.0000E+00    1.6178E-05    0.0000E+00
   474   -1.3724E-06    0.0000E+00   -9.1218E-06    0.0000E+00
   475   -1.5383E-06    0.0000E+00    2.2149E-06    0.0000E+00
   476   -1.5030E-06    0.0000E+00    4.1779E-06    0.0000E+00
   477   -1.5905E-06    0.0000E+00   -3.2851E-06    0.0000E+00
   478    1.9242E-08    0.0000E+00    2.6789E-06    0.0000E+00
   479   -1.3199E-06    0.0000E+00    4.1682E-07    0.0000E+00
   480    6.8455E-07    0.0000E+00   -2.7317E-06    0.0000E+00
   481    2.0068E-07    0.0000E+00    3.5675E-06    0.0000E+00
   482    4.5295E-07    0.0000E+00    4.1050E-07    0.0000E+00
   483    2.2441E-06    0.0000E+00    4.3321E-06    0.0000E+00
   484   -4.1561E-06    0.0000E+00    6.6347E-07    0.0000E+00
   485   -2.4635E-06    0.0000E+00   -5.9225E-06    0.0000E+00
   486    2.3983E-06    0.0000E+00    3.0882E-06    0.0000E+00
   487   -3.0547E-06    0.0000E+00   -2.1204E-06    0.0000E+00
   488   -4.0164E-06    0.0000E+00   -3.6402E-06    0.0000E+00
   489   -6.5251E-06    0.0000E+00   -7.6732E-07    0.0000E+00
   490    1.0690E-05    0.0000E+00    9.5133E-06    0.0000E+00
   491   -2.4586E-05    0.0000E+00   -2.6007E-05    0.0000E+00
   492    3.0302E-05    0.0000E+00    3.8588E-05    0.0000E+00
   493    9.5548E-06    0.0000E+00    2.1024E-05    0.0000E+00
   494   -2.7401E-05    0.0000E+00   -4.9690E-05    0.0000E+00
   495    1.2265E-05    0.0000E+00   -1.0513E-04    0.0000E+00
   496    1.0909E-05    0.0000E+00   -1.0489E-04    0.0000E+00
   497    1.2262E-05    0.0000E+00   -2.9792E-05    0.0000E+00
   498    1.2868E-05    0.0000E+00   -5.0385E-06    0.0000E+00
   499    4.9506E-06    0.0000E+00   -7.4839E-06    0.0000E+00
   500    1.7407E-06    0.0000E+00   -6.7607E-06    0.0000E+00
   501   -2.0362E-06    0.0000E+00    1.4982E-06    0.0000E+00
   502   -5.4995E-06    0.0000E+00   -4.2492E-06    0.0000E+00
   503   -2.3773E-06    0.0000E+00   -3.8140E-07    0.0000E+00
   504   -2.9772E-07    0.0000E+00   -3.8104E-08    0.0000E+00
   505   -2.1344E-06    0.0000E+00   -1.0545E-06    0.0000E+00
   506   -1.5690E-06    0.0000E+00   -9.7920E-07    0.0000E+00
   507   -2.0752E-06    0.0000E+00   -1.4798E-06    0.0000E+00
   508    5.6323E-07    0.0000E+00   -1.6694E-06    0.0000E+00
   509    5.4234E-07    0.0000E+00   -3.4662E-07    0.0000E+00
   510   -5.3170E-07    0.0000E+00   -3.5665E-06    0.0000E+00
   511   -7.1897E-07    0.0000E+00    3.0119E-06    0.0000E+00
   512   -6.8220E-07    0.0000E+00   -6.2773E-06    0.0000E+00
   513   -4.1763E-07    0.0000E+00    1.0028E-05    0.0000E+00
   514   -9.8201E-07    0.0000E+00   -2.2158E-05    0.0000E+00
   515   -5.7281E-07    0.0000E+00    2.3807E-05    0.0000E+00
   516   -8.4320E-08    0.0000E+00    1.9679E-05    0.0000E+00
   517    1.1490E-06    0.0000E+00   -1.1855E-05    0.0000E+00
   518   -1.0235E-07    0.0000E+00    1.4341E-06    0.0000E+00
   519   -1.1959E-06    0.0000E+00   -1.8563E-07    0.0000E+00
   520   -1.9122E-06    0.0000E+00    1.5401E-05    0.0000E+00
   521   -7.4830E-07    0.0000E+00   -1.2415E-05    0.0000E+00
   522   -5.0132E-07    0.0000E+00   -5.8746E-06    0.0000E+00
   523    1.4492E-06    0.0000E+00    6.7928E-06    0.0000E+00
   524    1.6731E-06    0.0000E+00   -2.8881E-06    0.0000E+00
   525   -2.7860E-07    0.0000E+00   -1.1636E-07    0.0000E+00
   526    4.2629E-07    0.0000E+00   -2.5600E-07    0.0000E+00
   527    6.9102E-07    0.0000E+00   -3.0112E-06    0.0000E+00
   528   -1.1643E-06    0.0000E+00    1.8576E-06    0.0000E+00
   529    6.4481E-07    0.0000E+00    1.5721E-06    0.0000E+00
   530   -3.3278E-07    0.0000E+00   -1.3814E-06    0.0000E+00
   531   -5.6144E-07    0.0000E+00   -1.0093E-06    0.0000E+00
   532    1.7913E-06    0.0000E+00    1.0741E-06    0.0000E+00
   533   -2.0566E-06    0.0000E+00   -1.2391E-07    0.0000E+00
   534    4.3975E-07    0.0000E+00   -9.0713E-07    0.0000E+00
   535    2.4672E-06    0.0000E+00    3.3371E-07    0.0000E+00
   536   -1.7915E-06    0.0000E+00   -3.6474E-06    0.0000E+00
   537    9.8721E-07    0.0000E+00    5.9335E-06    0.0000E+00
   538    2.6665E-06    0.0000E+00   -1.0282E-05    0.0000E+00
   539    5.2472E-07    0.0000E+00    1.1774E-05    0.0000E+00
   540   -3.8408E-07    0.0000E+00   -2.3298E-05    0.0000E+00
   541   -2.6293E-06    0.0000E+00    2.9950E-05    0.0000E+00
   542    1.1932E-05    0.0000E+00   -1.1225E-05    0.0000E+00
   543   -2.1095E-05    0.0000E+00   -3.7753E-05    0.0000E+00
   544    3.4514E-05    0.0000E+00   -1.3446E-05    0.0000E+00
   545    7.0985E-05    0.0000E+00    1.7834E-05    0.0000E+00
   546    4.1327E-05    0.0000E+00    1.2534E-05    0.0000E+00
   547    7.3592E-06    0.0000E+00   -1.1898E-06    0.0000E+00
   548    2.3363E-06    0.0000E+00    8.6107E-06    0.0000E+00
   549    6.5198E-06    0.0000E+00    6.5985E-06    0.0000E+00
   550   -1.4921E-07    0.0000E+00   -2.0998E-06    0.0000E+00
   551    9.5433E-07    0.0000E+00    2.4571E-06    0.0000E+00
   552    3.3087E-06    0.0000E+00    2.4177E-07    0.0000E+00
   553   -2.7552E-07    0.0000E+00   -4.8591E-06    0.0000E+00
   554    1.9876E-07    0.0000E+00    3.4964E-07    0.0000E+00
   555    1.2463E-06    0.0000E+00    1.8647E-06    0.0000E+00
   556    2.0666E-07    0.0000E+00   -1.8627E-06    0.0000E+00
   557    1.7201E-06    0.0000E+00    1.7468E-06    0.0000E+00
   558    4.5862E-07    0.0000E+00    3.7837E-06    0.0000E+00
   559   -3.8189E-07    0.0000E+00   -4.9847E-07    0.0000E+00
   560    1.1509E-06    0.0000E+00    1.6074E-06    0.0000E+00
   561   -2.9727E-07    0.0000E+00    1.2653E-06    0.0000E+00
   562   -3.3850E-07    0.0000E+00    4.5610E-06    0.0000E+00
   563   -2.0772E-07    0.0000E+00   -1.4376E-05    0.0000E+00
   564   -3.2507E-07    0.0000E+00   -4.0800E-06    0.0000E+00
   565   -2.4196E-07    0.0000E+00   -1.1936E-05    0.0000E+00
   566    8.6846E-07    0.0000E+00    2.5194E-05    0.0000E+00
   567   -1.7921E-06    0.0000E+00   -2.6964E-05    0.0000E+00
   568    1.8862E-06    0.0000E+00   -1.2117E-05    0.0000E+00
   569    1.2251E-06    0.0000E+00    2.0477E-05    0.0000E+00
   570    8.2899E-07    0.0000E+00    2.0298E-05    0.0000E+00
   571    2.3049E-06    0.0000E+00   -3.0762E-06    0.0000E+00
   572    3.3011E-07    0.0000E+00   -7.7503E-06    0.0000E+00
   573    5.3061E-07    0.0000E+00   -1.2136E-06    0.0000E+00
   574    4.1462E-07    0.0000E+00    2.0379E-06    0.0000E+00
   575    6.8456E-07    0.0000E+00    1.4760E-06    0.0000E+00
   576    9.2829E-07    0.0000E+00    1.0016E-07    0.0000E+00
   577   -7.4149E-08    0.0000E+00    3.8167E-07    0.0000E+00
   578   -4.3872E-07    0.0000E+00    5.1925E-07    0.0000E+00
   579    8.7227E-08    0.0000E+00    1.2254E-06    0.0000E+00
   580   -5.2382E-07    0.0000E+00    2.1782E-07    0.0000E+00
   581    1.2862E-07    0.0000E+00   -2.4743E-06    0.0000E+00
   582   -8.1267E-07    0.0000E+00   -2.7956E-06    0.0000E+00
   583   -8.0995E-07    0.0000E+00   -3.6405E-07    0.0000E+00
   584    9.2927E-07    0.0000E+00    3.5487E-06    0.0000E+00
   585    1.2511E-06    0.0000E+00   -4.0486E-06    0.0000E+00
   586   -3.6226E-06    0.0000E+00    2.9751E-06    0.0000E+00
   587    2.6854E-07    0.0000E+00   -2.6304E-06    0.0000E+00
   588   -1.1690E-06    0.0000E+00    4.6876E-07    0.0000E+00
   589   -5.1476E-07    0.0000E+00    2.3224E-06    0.0000E+00
   590    6.6015E-06    0.0000E+00   -5.3907E-06    0.0000E+00
   591   -2.4480E-05    0.0000E+00    2.7969E-06    0.0000E+00
   592    1.7511E-05    0.0000E+00    4.8145E-05    0.0000E+00
   593    5.6807E-05    0.0000E+00   -1.6729E-05    0.0000E+00
   594    8.6324E-06    0.0000E+00   -4.3981E-05    0.0000E+00
   595   -1.2036E-05    0.0000E+00   -9.1651E-07    0.0000E+00
   596   -4.7420E-06    0.0000E+00    1.2117E-05    0.0000E+00
   597   -3.6271E-06    0.0000E+00    4.0922E-07    0.0000E+00
   598   -8.4461E-07    0.0000E+00    2.6699E-06    0.0000E+00
   599   -6.8130E-07    0.0000E+00   -1.1846E-06    0.0000E+00
   600   -3.5309E-06    0.0000E+00    3.8383E-07    0.0000E+00
   601    3.6031E-08    0.0000E+00    2.1935E-06    0.0000E+00
   602    1.3730E-06    0.0000E+00    2.8488E-07    0.0000E+00
   603   -9.4368E-07    0.0000E+00   -1.7266E-06    0.0000E+00
   604   -8.6839E-07    0.0000E+00    7.7225E-07    0.0000E+00
   605   -5.3995E-07    0.0000E+00   -7.2229E-07    0.0000E+00
   606    1.0005E-08    0.0000E+00    1.5474E-06    0.0000E+00
   607    1.0875E-06    0.0000E+00    2.3202E-06    0.0000E+00
   608   -7.3325E-07    0.0000E+00   -3.3306E-06    0.0000E+00
   609   -1.5602E-07    0.0000E+00    1.5532E-06    0.0000E+00
   610    2.9229E-08    0.0000E+00   -8.5039E-07    0.0000E+00
   611   -9.8151E-08    0.0000E+00   -1.9764E-06    0.0000E+00
   612   -3.0449E-07    0.0000E+00    7.9201E-07    0.0000E+00
   613    1.4604E-07    0.0000E+00   -1.1710E-05    0.0000E+00
   614    6.7125E-08    0.0000E+00   -1.3559E-05    0.0000E+00
   615    3.7572E-08    0.0000E+00    2.3881E-06    0.0000E+00
   616   -1.1560E-07    0.0000E+00    1.7725E-05    0.0000E+00
   617   -1.4886E-07    0.0000E+00   -1.9147E-05    0.0000E+00
   618   -7.8293E-07    0.0000E+00   -1.3613E-05    0.0000E+00
   619    9.7249E-07    0.0000E+00   -1.2866E-05    0.0000E+00
   620    1.2727E-06    0.0000E+00    3.4494E-06    0.0000E+00
   621    3.4075E-07    0.0000E+00    8.8013E-06    0.0000E+00
   622   -7.0494E-07    0.0000E+00    4.5554E-06    0.0000E+00
   623   -8.8072E-07    0.0000E+00   -4.8302E-06    0.0000E+00
   624   -5.5061E-07    0.0000E+00   -1.7854E-06    0.0000E+00
   625    2.2547E-07    0.0000E+00    5.2990E-07    0.0000E+00
   626   -6.3472E-07    0.0000E+00    1.5599E-06    0.0000E+00
   627    8.7080E-07    0.0000E+00    9.1258E-07    0.0000E+00
   628    3.1213E-07    0.0000E+00    2.5593E-07    0.0000E+00
   629    1.5727E-07    0.0000E+00    2.0003E-06    0.0000E+00
   630   -1.0476E-06    0.0000E+00   -1.0803E-06    0.0000E+00
   631    1.6810E-07    0.0000E+00   -1.3844E-06    0.0000E+00
   632    2.6048E-06    0.0000E+00    5.3690E-07    0.0000E+00
   633   -2.3170E-06    0.0000E+00   -1.8798E-06    0.0000E+00
   634    1.8841E-06    0.0000E+00    1.6109E-06    0.0000E+00
   635   -1.0393E-06    0.0000E+00   -1.2122E-06    0.0000E+00
   636    1.6381E-06    0.0000E+00   -8.4491E-07    0.0000E+00
   637    7.7400E-08    0.0000E+00   -4.9044E-06    0.0000E+00
   638   -8.8498E-06    0.0000E+00   -3.1509E-06    0.0000E+00
   639    1.1723E-05    0.0000E+00    1.0913E-05    0.0000E+00
   640   -5.5781E-06    0.0000E+00   -2.8863E-05    0.0000E+00
   641   -2.6770E-05    0.0000E+00    2.1805E-05    0.0000E+00
   642    1.9463E-05    0.0000E+00    1.1573E-05    0.0000E+00
   643    4.9558E-05    0.0000E+00    2.7258E-05    0.0000E+00
   644    1.5987E-05    0.0000E+00    6.2932E-06    0.0000E+00
   645   -3.6593E-06    0.0000E+00   -2.6377E-06    0.0000E+00
   646   -3.8297E-06    0.0000E+00   -2.1363E-08    0.0000E+00
   647    6.9678E-07    0.0000E+00   -8.9432E-07    0.0000E+00
   648    2.5904E-07    0.0000E+00    1.6281E-06    0.0000E+00
   649   -1.1571E-06    0.0000E+00   -3.7860E-06    0.0000E+00
   650    1.0435E-06    0.0000E+00   -1.2882E-06    0.0000E+00
   651   -5.4487E-07    0.0000E+00   -5.3121E-07    0.0000E+00
   652   -1.2954E-06    0.0000E+00   -1.0410E-06    0.0000E+00
   653    6.5024E-07    0.0000E+00   -9.1899E-07    0.0000E+00
   654   -4.8870E-07    0.0000E+00   -1.5191E-06    0.0000E+00
   655    1.6936E-07    0.0000E+00    8.4619E-08    0.0000E+00
   656   -6.2385E-07    0.0000E+00    2.6040E-06    0.0000E+00
   657   -6.2634E-07    0.0000E+00   -1.2628E-06    0.0000E+00
   658    4.2860E-07    0.0000E+00   -1.0210E-06    0.0000E+00
   659    6.0186E-07    0.0000E+00    1.9426E-06    0.0000E+00
   660   -1.3243E-07    0.0000E+00   -9.0293E-07    0.0000E+00
   661    9.2475E-08    0.0000E+00   -1.1791E-06    0.0000E+00
   662    1.8298E-08    0.0000E+00   -7.2015E-06    0.0000E+00
   663   -5.2537E-09    0.0000E+00   -3.2981E-06    0.0000E+00
   664    3.9719E-07    0.0000E+00    1.3933E-06    0.0000E+00
   665   -8.4785E-07    0.0000E+00    4.5113E-06    0.0000E+00
   666    3.7214E-07    0.0000E+00   -7.6670E-06    0.0000E+00
   667    5.9171E-07    0.0000E+00    5.9566E-06    0.0000E+00
   668   -3.4326E-07    0.0000E+00   -2.1282E-06    0.0000E+00
   669   -1.3282E-06    0.0000E+00   -1.2308E-05    0.0000E+00
   670   -2.7616E-06    0.0000E+00   -1.3324E-05    0.0000E+00
   671   -1.3134E-06    0.0000E+00   -3.1954E-06    0.0000E+00
   672    5.0365E-07    0.0000E+00    4.1802E-06    0.0000E+00
   673    4.4882E-07    0.0000E+00   -3.4456E-06    0.0000E+00
   674    4.9806E-07    0.0000E+00   -2.0381E-06    0.0000E+00
   675   -7.7386E-07    0.0000E+00    8.0245E-07    0.0000E+00
   676    5.8535E-07    0.0000E+00   -8.1979E-07    0.0000E+00
   677    2.3497E-07    0.0000E+00    1.7557E-06    0.0000E+00
   678    3.8588E-07    0.0000E+00    2.2165E-06    0.0000E+00
   679    2.0096E-07    0.0000E+00    5.1129E-07    0.0000E+00
   680   -1.8724E-06    0.0000E+00   -3.3311E-06    0.0000E+00
   681    1.5236E-06    0.0000E+00    2.0448E-06    0.0000E+00
   682    1.0370E-06    0.0000E+00   -9.9815E-07    0.0000E+00
   683    1.7931E-06    0.0000E+00    1.9260E-06    0.0000E+00
   684   -2.0316E-06    0.0000E+00    4.1890E-08    0.0000E+00
   685    3.9528E-06    0.0000E+00   -1.2279E-06    0.0000E+00
   686    3.1162E-06    0.0000E+00    4.2898E-06    0.0000E+00
   687    5.5560E-06    0.0000E+00   -7.6510E-06    0.0000E+00
   688   -1.2910E-05    0.0000E+00    7.3805E-06    0.0000E+00
   689    1.8470E-05    0.0000E+00   -2.7466E-06    0.0000E+00
   690   -2.9025E-05    0.0000E+00   -7.6097E-06    0.0000E+00
   691    1.9165E-05    0.0000E+00    5.2517E-06    0.0000E+00
   692   -4.1587E-06    0.0000E+00    2.1573E-05    0.0000E+00
   693   -1.3463E-05    0.0000E+00    1.9822E-05    0.0000E+00
   694    4.0261E-06    0.0000E+00    9.6118E-06    0.0000E+00
   695    6.3564E-06    0.0000E+00    2.0860E-06    0.0000E+00
   696    4.5243E-06    0.0000E+00   -3.8706E-06    0.0000E+00
   697    1.3887E-07    0.0000E+00    2.9923E-06    0.0000E+00
   698   -5.5064E-07    0.0000E+00   -4.9558E-07    0.0000E+00
   699    4.5459E-06    0.0000E+00    1.6061E-06    0.0000E+00
   700    2.5131E-06    0.0000E+00    1.1141E-06    0.0000E+00
   701    8.1157E-07    0.0000E+00    1.6016E-06    0.0000E+00
   702    1.4399E-06    0.0000E+00   -1.5161E-06    0.0000E+00
   703    7.0669E-07    0.0000E+00    8.1062E-08    0.0000E+00
   704    1.8679E-06    0.0000E+00    1.2880E-06    0.0000E+00
   705    3.6366E-07    0.0000E+00   -1.5296E-06    0.0000E+00
   706   -3.3112E-07    0.0000E+00    1.8618E-06    0.0000E+00
   707    3.0760E-07    0.0000E+00    1.0185E-06    0.0000E+00
   708    1.3819E-07    0.0000E+00   -2.2788E-06    0.0000E+00
   709    3.5816E-07    0.0000E+00    4.2532E-06    0.0000E+00
   710    5.1512E-07    0.0000E+00   -1.7933E-06    0.0000E+00
   711    1.1139E-07    0.0000E+00   -2.0363E-06    0.0000E+00
   712    2.1263E-07    0.0000E+00    7.2790E-06    0.0000E+00
   713   -8.3604E-07    0.0000E+00   -5.1377E-06    0.0000E+00
   714   -2.0239E-07    0.0000E+00   -1.9086E-06    0.0000E+00
   715    2.5618E-06    0.0000E+00    8.5595E-06    0.0000E+00
   716   -1.5763E-06    0.0000E+00    1.0012E-05    0.0000E+00
   717   -1.3778E-06    0.0000E+00   -2.6734E-05    0.0000E+00
   718   -7.9622E-07    0.0000E+00   -7.3606E-06    0.0000E+00
   719   -2.2121E-06    0.0000E+00   -4.8362E-06    0.0000E+00
   720    8.0053E-07    0.0000E+00   -6.0450E-06    0.0000E+00
   721    4.3067E-07    0.0000E+00    1.8429E-06    0.0000E+00
   722    3.0091E-07    0.0000E+00   -4.0184E-06    0.0000E+00
   723    5.7779E-07    0.0000E+00    1.8260E-07    0.0000E+00
   724    2.0877E-07    0.0000E+00    2.8489E-06    0.0000E+00
   725    3.7240E-07    0.0000E+00   -2.1955E-06    0.0000E+00
   726    1.4609E-09    0.0000E+00   -5.3700E-07    0.0000E+00
   727   -1.4052E-06    0.0000E+00   -1.9269E-07    0.0000E+00
   728    6.6790E-07    0.0000E+00    2.4731E-06    0.0000E+00
   729    3.9809E-07    0.0000E+00    1.3946E-06    0.0000E+00
   730   -1.3908E-06    0.0000E+00   -2.2997E-06    0.0000E+00
   731   -3.5936E-07    0.0000E+00   -4.5099E-08    0.0000E+00
   732    1.2889E-06    0.0000E+00    8.4554E-07    0.0000E+00
   733   -2.6110E-06    0.0000E+00    1.3334E-06    0.0000E+00
   734    3.3837E-06    0.0000E+00   -1.2456E-07    0.0000E+00
   735   -3.6054E-06    0.0000E+00    1.2602E-06    0.0000E+00
   736    6.2034E-06    0.0000E+00    4.4262E-06    0.0000E+00
   737   -5.4798E-06    0.0000E+00   -3.3761E-06    0.0000E+00
   738    7.5549E-06    0.0000E+00   -5.4985E-06    0.0000E+00
   739   -1.0929E-05    0.0000E+00    1.5245E-06    0.0000E+00
   740    1.0573E-05    0.0000E+00   -2.0898E-06    0.0000E+00
   741   -1.2372E-06    0.0000E+00    3.2316E-06    0.0000E+00
   742   -4.3217E-06    0.0000E+00    4.8159E-06    0.0000E+00
   743   -7.3454E-06    0.0000E+00   -2.2334E-06    0.0000E+00
   744   -4.1063E-06    0.0000E+00    3.9767E-06    0.0000E+00
   745    3.9102E-06    0.0000E+00    6.1230E-06    0.0000E+00
   746   -1.4023E-06    0.0000E+00    2.6053E-06    0.0000E+00
   747   -1.6444E-06    0.0000E+00   -1.9331E-07    0.0000E+00
   748    1.5154E-06    0.0000E+00   -7.3088E-07    0.0000E+00
   749   -1.6527E-06    0.0000E+00    2.5048E-06    0.0000E+00
   750   -2.6622E-07    0.0000E+00    1.1257E-06    0.0000E+00
   751    1.3601E-06    0.0000E+00    1.8096E-06    0.0000E+00
   752    3.4540E-07    0.0000E+00    2.4019E-07    0.0000E+00
   753    3.7552E-07    0.0000E+00    5.4000E-07    0.0000E+00
   754    2.7038E-07    0.0000E+00    2.1906E-06    0.0000E+00
   755   -8.3285E-07    0.0000E+00   -3.7848E-07    0.0000E+00
   756    9.1722E-07    0.0000E+00   -6.9894E-07    0.0000E+00
   757   -4.3409E-07    0.0000E+00    7.0087E-07    0.0000E+00
   758   -4.9946E-07    0.0000E+00    2.2715E-06    0.0000E+00
   759   -4.1723E-07    0.0000E+00   -4.5593E-06    0.0000E+00
   760   -7.3698E-07    0.0000E+00   -8.8082E-06    0.0000E+00
   761   -1.7375E-08    0.0000E+00   -1.2478E-06    0.0000E+00
   762   -9.2948E-09    0.0000E+00   -9.5010E-08    0.0000E+00
   763   -1.2014E-07    0.0000E+00   -3.2601E-06    0.0000E+00
   764   -2.6007E-07    0.0000E+00    2.2797E-06    0.0000E+00
   765    4.3355E-07    0.0000E+00    1.0113E-05    0.0000E+00
   766    1.9639E-07    0.0000E+00   -1.3012E-05    0.0000E+00
   767   -4.8165E-07    0.0000E+00   -9.2342E-06    0.0000E+00
   768    7.1448E-08    0.0000E+00   -5.6584E-06    0.0000E+00
   769    1.4716E-06    0.0000E+00   -2.1670E-07    0.0000E+00
   770    8.8872E-07    0.0000E+00    5.8677E-06    0.0000E+00
   771    3.4239E-07    0.0000E+00    6.0136E-09    0.0000E+00
   772   -7.3367E-07    0.0000E+00   -1.1270E-06    0.0000E+00
   773   -6.1530E-07    0.0000E+00    4.1417E-07    0.0000E+00
   774   -1.5272E-08    0.0000E+00   -3.7624E-06    0.0000E+00
   775   -2.5087E-07    0.0000E+00   -3.8147E-07    0.0000E+00
   776    5.2009E-08    0.0000E+00    9.8013E-07    0.0000E+00
   777   -1.7150E-07    0.0000E+00   -2.5078E-06    0.0000E+00
   778    5.9041E-07    0.0000E+00    2.3005E-06    0.0000E+00
   779   -1.5890E-07    0.0000E+00    1.5340E-06    0.0000E+00
   780   -2.2906E-07    0.0000E+00   -3.4260E-06    0.0000E+00
   781    3.9262E-07    0.0000E+00    1.5068E-06    0.0000E+00
   782   -2.8650E-06    0.0000E+00    3.2845E-07    0.0000E+00
   783    2.2040E-06    0.0000E+00   -2.0062E-06    0.0000E+00
   784   -1.5211E-06    0.0000E+00    1.7482E-06    0.0000E+00
   785   -3.9651E-06    0.0000E+00    7.0899E-07    0.0000E+00
   786    2.7321E-06    0.0000E+00    8.2113E-07    0.0000E+00
   787   -1.4000E-06    0.0000E+00   -1.0447E-06    0.0000E+00
   788   -1.9445E-06    0.0000E+00    6.3118E-06    0.0000E+00
   789    1.2884E-05    0.0000E+00   -2.2341E-05    0.0000E+00
   790   -8.9901E-06    0.0000E+00    2.0813E-05    0.0000E+00
   791   -1.0347E-05    0.0000E+00    2.2567E-05    0.0000E+00
   792    2.7519E-06    0.0000E+00    1.1641E-05    0.0000E+00
   793   -6.7697E-07    0.0000E+00    2.8295E-06    0.0000E+00
   794   -2.1229E-06    0.0000E+00    4.6498E-07    0.0000E+00
   795   -4.4754E-06    0.0000E+00    2.1193E-06    0.0000E+00
   796   -8.6750E-07    0.0000E+00    9.2641E-07    0.0000E+00
   797    1.0473E-06    0.0000E+00   -1.2157E-06    0.0000E+00
   798   -2.0588E-06    0.0000E+00   -1.3990E-07    0.0000E+00
   799   -1.5871E-06    0.0000E+00   -9.6013E-07    0.0000E+00
   800   -6.8622E-07    0.0000E+00    1.6280E-06    0.0000E+00
   801   -7.8309E-07    0.0000E+00   -1.1104E-06    0.0000E+00
   802   -2.8373E-07    0.0000E+00    2.2709E-07    0.0000E+00
   803   -6.1486E-07    0.0000E+00    1.7004E-06    0.0000E+00
   804   -7.1687E-07    0.0000E+00   -2.5278E-06    0.0000E+00
   805    2.3025E-07    0.0000E+00    1.7583E-06    0.0000E+00
   806   -4.1446E-07    0.0000E+00    8.3867E-07    0.0000E+00
   807   -1.4472E-07    0.0000E+00   -2.5919E-06    0.0000E+00
   808    1.1726E-07    0.0000E+00    4.9734E-06    0.0000E+00
   809   -6.0379E-07    0.0000E+00   -1.2050E-05    0.0000E+00
   810    1.5645E-07    0.0000E+00    2.2955E-06    0.0000E+00
   811   -6.4403E-08    0.0000E+00   -5.3438E-06    0.0000E+00
   812    2.7179E-07    0.0000E+00    8.0409E-06    0.0000E+00
   813    1.2602E-06    0.0000E+00   -1.0802E-05    0.0000E+00
   814   -2.8379E-06    0.0000E+00    7.8678E-06    0.0000E+00
   815    3.5203E-07    0.0000E+00   -6.8553E-06    0.0000E+00
   816    1.9339E-06    0.0000E+00    9.3883E-06    0.0000E+00
   817    1.7248E-06    0.0000E+00    7.9157E-06    0.0000E+00
   818    2.5942E-06    0.0000E+00   -7.0529E-07    0.0000E+00
   819    4.3596E-07    0.0000E+00    2.1711E-06    0.0000E+00
   820   -1.5132E-06    0.0000E+00    1.6639E-06    0.0000E+00
   821    2.1712E-07    0.0000E+00    2.9417E-06    0.0000E+00
   822    1.2592E-07    0.0000E+00    2.2460E-07    0.0000E+00
   823   -5.2935E-07    0.0000E+00   -6.6479E-07    0.0000E+00
   824    3.3919E-07    0.0000E+00    6.5083E-08    0.0000E+00
   825    4.7709E-07    0.0000E+00   -6.8541E-08    0.0000E+00
   826    3.4701E-07    0.0000E+00    5.1459E-07    0.0000E+00
   827    1.6384E-07    0.0000E+00   -1.2675E-07    0.0000E+00
   828    6.3925E-07    0.0000E+00    1.4288E-06    0.0000E+00
   829   -8.7041E-07    0.0000E+00   -7.1486E-07    0.0000E+00
   830    2.1458E-06    0.0000E+00   -5.1965E-07    0.0000E+00
   831   -1.2036E-06    0.0000E+00   -1.7625E-07    0.0000E+00
   832   -4.3708E-07    0.0000E+00    4.6341E-07    0.0000E+00
   833    1.5860E-06    0.0000E+00   -3.1936E-07    0.0000E+00
   834   -8.4582E-07    0.0000E+00   -1.1655E-06    0.0000E+00
   835   -2.6762E-06    0.0000E+00    1.6370E-06    0.0000E+00
   836    5.3962E-06    0.0000E+00   -1.3957E-06    0.0000E+00
   837   -9.2367E-06    0.0000E+00    8.2555E-07    0.0000E+00
   838    8.3116E-06    0.0000E+00   -3.2741E-06    0.0000E+00
   839    1.1592E-05    0.0000E+00    5.7309E-07    0.0000E+00
   840   -1.4487E-05    0.0000E+00   -2.5192E-07    0.0000E+00
   841   -2.4782E-05    0.0000E+00    1.2049E-06    0.0000E+00
   842   -1.5083E-05    0.0000E+00   -1.0463E-06    0.0000E+00
   843   -7.7060E-06    0.0000E+00   -5.6957E-07    0.0000E+00
   844   -3.2348E-06    0.0000E+00   -7.2272E-08    0.0000E+00
   845   -1.7805E-06    0.0000E+00   -4.0758E-07    0.0000E+00
   846   -5.1558E-07    0.0000E+00    1.6423E-07    0.0000E+00
   847    8.6930E-08    0.0000E+00    9.8148E-08    0.0000E+00
   848    3.9712E-07    0.0000E+00    4.6938E-07    0.0000E+00
   849    1.3650E-07    0.0000E+00   -4.3236E-07    0.0000E+00
   850   -2.3289E-07    0.0000E+00   -5.4789E-07    0.0000E+00
   851   -4.0120E-07    0.0000E+00   -4.0797E-09    0.0000E+00
   852   -3.2506E-07    0.0000E+00    3.0690E-07    0.0000E+00
   853    2.3686E-07    0.0000E+00   -8.3074E-07    0.0000E+00
   854   -9.8109E-08    0.0000E+00    4.3541E-07    0.0000E+00
   855    5.5668E-08    0.0000E+00    3.7082E-07    0.0000E+00
   856    1.2166E-07    0.0000E+00   -1.3689E-06    0.0000E+00
   857   -3.5958E-07    0.0000E+00    2.1654E-06    0.0000E+00
   858    6.6482E-07    0.0000E+00   -4.5972E-06    0.0000E+00
