           2  -1.5824820145371514     
           3  -1.6058092164821913     
           4  -1.6220417350496548     
           5  -1.6353161899694988     
           6  -1.6468728853449317     
           7  -1.6572624027440741     
           8  -1.6667919360361769     
           9  -1.6756583307438213     
          10  -1.6839916732954554     
          11  -1.6918852830176847     
          12  -1.6994051916298178     
          13  -1.7066038987452792     
          14  -1.7135220277334191     
          15  -1.7201924784000027     
          16  -1.7266438166913518     
          17  -1.7328981047315564     
          18  -1.7389738005378428     
          19  -1.7448882956767575     
          20  -1.7506545186359550     
          21  -1.7562856194974446     
          22  -1.7617928190623720     
          23  -1.7671836028067198     
          24  -1.7724685674003791     
          25  -1.7776539220691361     
          26  -1.7827459852993965     
          27  -1.7877527377245876     
          28  -1.7926773628861634     
          29  -1.7975260731674603     
          30  -1.8023033758450850     
          31  -1.8070117385866975     
          32  -1.8116573085016694     
          33  -1.8162415304720643     
          34  -1.8207677825903648     
          35  -1.8252402375230585     
          36  -1.8296596003187999     
          37  -1.8340303049425810     
          38  -1.8383538664009273     
          39  -1.8426313043917044     
          40  -1.8468667905610898     
          41  -1.8510605178051649     
          42  -1.8552148798800616     
          43  -1.8593323441492602     
          44  -1.8634133363489316     
          45  -1.8674597105088844     
          46  -1.8714724158608793     
          47  -1.8754525429617892     
          48  -1.8794021860225125     
          49  -1.8833212503169345     
          50  -1.8872117361094620     
          51  -1.8910750202325823     
          52  -1.8949105291049695     
          53  -1.8987213979873716     
          54  -1.9025069423418277     
          55  -1.9062681555504990     
          56  -1.9100071816878759     
          57  -1.9137237319997356     
          58  -1.9174189852528167     
          59  -1.9210936580072544     
          60  -1.9247481151921948     
          61  -1.9283825000327188     
          62  -1.9319971032893897     
          63  -1.9355930428997083     
          64  -1.9391714528060158     
          65  -1.9427311525370730     
          66  -1.9462747467953245     
          67  -1.9498017318864440     
          68  -1.9533116898306417     
          69  -1.9568074135331666     
          70  -1.9602870327539568     
          71  -1.9637520959966586     
          72  -1.9672035470012623     
          73  -1.9706402892923722     
          74  -1.9740629402674232     
          75  -1.9774703695201046     
          76  -1.9808626090893182     
          77  -1.9842418485407705     
          78  -1.9876044333471166     
          79  -1.9909539094515094     
          80  -1.9942894777295399     
          81  -1.9976056181316493     
          82  -2.0009112332195276     
          83  -2.0041988033184470     
          84  -2.0074691804261287     
          85  -2.0107262410510383     
          86  -2.0139594122423610     
          87  -2.0171786001963334     
          88  -2.0203785662781701     
          89  -2.0235515114602802     
          90  -2.0267111471598911     
          91  -2.0298421713054675     
          92  -2.0329516441494424     
          93  -2.0360447285342986     
          94  -2.0391021245021594     
          95  -2.0421532765127171     
          96  -2.0451860887375011     
          97  -2.0482003940145179     
          98  -2.0512243555707075     
          99  -2.0542501932788944     
         100  -2.0572961831702790     
         101  -2.0603670913422403     
