  VMEC2000 V8.51
     MN       GMNC         GMNS           BMNC          BMNS
     1   -8.6109E-03    0.0000E+00    9.3920E-01    0.0000E+00
     2   -1.4084E-03    0.0000E+00    1.7256E-02    0.0000E+00
     3    5.0904E-05    0.0000E+00   -1.4875E-02    0.0000E+00
     4    6.9977E-06    0.0000E+00   -4.8450E-03    0.0000E+00
     5    4.7929E-06    0.0000E+00    8.3373E-04    0.0000E+00
     6   -1.1556E-05    0.0000E+00   -1.5190E-03    0.0000E+00
     7    1.0609E-05    0.0000E+00    1.2100E-03    0.0000E+00
     8   -3.2825E-06    0.0000E+00   -1.1752E-04    0.0000E+00
     9    1.0340E-06    0.0000E+00    1.2487E-05    0.0000E+00
    10   -2.3256E-06    0.0000E+00    9.0602E-05    0.0000E+00
    11    4.4078E-06    0.0000E+00    3.2703E-04    0.0000E+00
    12    5.1587E-06    0.0000E+00    4.8111E-04    0.0000E+00
    13   -2.8161E-06    0.0000E+00   -1.8730E-04    0.0000E+00
    14   -1.7700E-06    0.0000E+00   -1.6394E-04    0.0000E+00
    15    2.5879E-06    0.0000E+00    3.2118E-04    0.0000E+00
    16    2.2165E-06    0.0000E+00    3.0378E-04    0.0000E+00
    17    7.5852E-07    0.0000E+00    9.1489E-05    0.0000E+00
    18    1.1317E-07    0.0000E+00    7.8121E-05    0.0000E+00
    19   -5.7394E-09    0.0000E+00    4.3821E-05    0.0000E+00
    20    6.5144E-08    0.0000E+00    5.9193E-05    0.0000E+00
    21    3.5091E-08    0.0000E+00    5.3670E-05    0.0000E+00
    22    2.1066E-07    0.0000E+00    5.1380E-05    0.0000E+00
    23   -3.5045E-08    0.0000E+00   -2.7408E-05    0.0000E+00
    24   -3.3148E-07    0.0000E+00   -9.8854E-05    0.0000E+00
    25    1.7568E-06    0.0000E+00    1.0224E-04    0.0000E+00
    26   -3.0229E-06    0.0000E+00    6.6061E-05    0.0000E+00
    27   -6.1147E-07    0.0000E+00   -1.4590E-04    0.0000E+00
    28   -1.8914E-06    0.0000E+00   -5.5502E-05    0.0000E+00
    29   -3.0971E-06    0.0000E+00    6.4120E-06    0.0000E+00
    30   -1.7631E-06    0.0000E+00   -1.5923E-06    0.0000E+00
    31   -3.4951E-06    0.0000E+00   -1.4058E-05    0.0000E+00
    32   -1.1218E-05    0.0000E+00    2.2830E-06    0.0000E+00
    33   -5.2330E-06    0.0000E+00    5.7038E-06    0.0000E+00
    34   -3.5598E-06    0.0000E+00    8.4504E-06    0.0000E+00
    35   -8.7691E-06    0.0000E+00   -2.4749E-05    0.0000E+00
    36   -1.4945E-05    0.0000E+00   -4.0120E-04    0.0000E+00
    37   -2.0351E-05    0.0000E+00   -1.0645E-03    0.0000E+00
    38   -1.8881E-05    0.0000E+00   -1.0404E-03    0.0000E+00
    39    1.3047E-06    0.0000E+00    2.9380E-04    0.0000E+00
    40   -5.5024E-06    0.0000E+00    9.1713E-04    0.0000E+00
    41   -3.5831E-05    0.0000E+00   -3.7588E-04    0.0000E+00
    42    2.6015E-06    0.0000E+00   -7.5306E-05    0.0000E+00
    43    3.0471E-05    0.0000E+00   -1.8649E-04    0.0000E+00
    44   -5.5480E-05    0.0000E+00   -2.7315E-04    0.0000E+00
    45    2.2083E-05    0.0000E+00    7.0875E-04    0.0000E+00
    46   -3.3473E-05    0.0000E+00   -1.0133E-03    0.0000E+00
    47    4.7611E-05    0.0000E+00    6.7137E-04    0.0000E+00
    48   -3.9615E-05    0.0000E+00   -2.0252E-03    0.0000E+00
    49    3.8967E-04    0.0000E+00   -3.0781E-04    0.0000E+00
    50    1.1464E-04    0.0000E+00    1.4182E-02    0.0000E+00
    51   -5.2967E-04    0.0000E+00   -8.9541E-02    0.0000E+00
    52   -1.9582E-04    0.0000E+00   -1.2310E-02    0.0000E+00
    53    2.3353E-05    0.0000E+00    1.1055E-03    0.0000E+00
    54   -3.4091E-05    0.0000E+00   -3.0218E-05    0.0000E+00
    55    1.6945E-05    0.0000E+00   -8.6997E-04    0.0000E+00
    56   -1.7131E-05    0.0000E+00    9.5978E-05    0.0000E+00
    57   -4.5802E-05    0.0000E+00    9.7612E-05    0.0000E+00
    58    1.5698E-05    0.0000E+00   -1.3022E-04    0.0000E+00
    59   -1.6401E-06    0.0000E+00    2.1900E-04    0.0000E+00
    60   -3.4933E-05    0.0000E+00   -3.9112E-04    0.0000E+00
    61   -1.2158E-05    0.0000E+00    1.9453E-04    0.0000E+00
    62   -7.9074E-07    0.0000E+00   -5.8257E-05    0.0000E+00
    63   -3.7557E-06    0.0000E+00    2.6923E-05    0.0000E+00
    64    1.7973E-06    0.0000E+00    4.2038E-04    0.0000E+00
    65   -5.8092E-06    0.0000E+00    2.9080E-04    0.0000E+00
    66   -8.7561E-06    0.0000E+00    7.6685E-05    0.0000E+00
    67    4.9190E-06    0.0000E+00   -9.4434E-06    0.0000E+00
    68   -6.8827E-06    0.0000E+00   -2.7975E-05    0.0000E+00
    69   -7.4296E-06    0.0000E+00    2.8370E-06    0.0000E+00
    70   -4.4015E-07    0.0000E+00    7.0756E-08    0.0000E+00
    71   -3.9699E-06    0.0000E+00   -1.5165E-05    0.0000E+00
    72   -7.0496E-06    0.0000E+00   -1.7793E-05    0.0000E+00
    73    6.6896E-07    0.0000E+00    1.0482E-04    0.0000E+00
    74    5.8129E-06    0.0000E+00    2.3966E-04    0.0000E+00
    75   -1.5813E-06    0.0000E+00   -3.2610E-04    0.0000E+00
    76   -2.3506E-07    0.0000E+00    1.1780E-04    0.0000E+00
    77    5.0736E-07    0.0000E+00    4.7968E-05    0.0000E+00
    78    7.4640E-07    0.0000E+00    1.6801E-05    0.0000E+00
    79    3.7862E-07    0.0000E+00   -1.3880E-05    0.0000E+00
    80    8.0715E-08    0.0000E+00   -1.9158E-05    0.0000E+00
    81    2.0367E-06    0.0000E+00   -1.4601E-05    0.0000E+00
    82    2.2064E-06    0.0000E+00   -4.0125E-05    0.0000E+00
    83    4.0860E-07    0.0000E+00   -2.2289E-05    0.0000E+00
    84    1.6520E-06    0.0000E+00   -2.5985E-05    0.0000E+00
    85    2.3666E-06    0.0000E+00   -2.0070E-04    0.0000E+00
    86   -7.2604E-07    0.0000E+00   -7.4248E-04    0.0000E+00
    87   -6.2659E-06    0.0000E+00   -1.2835E-03    0.0000E+00
    88   -9.2130E-06    0.0000E+00   -7.6892E-04    0.0000E+00
    89    1.2797E-06    0.0000E+00    8.4951E-04    0.0000E+00
    90    1.6090E-05    0.0000E+00    9.1184E-04    0.0000E+00
    91    6.6285E-07    0.0000E+00   -1.2824E-03    0.0000E+00
    92   -8.1731E-06    0.0000E+00    3.7072E-04    0.0000E+00
    93    8.5604E-07    0.0000E+00   -3.2293E-04    0.0000E+00
    94    8.6494E-06    0.0000E+00   -2.2990E-04    0.0000E+00
    95   -5.0445E-07    0.0000E+00    3.5024E-04    0.0000E+00
    96   -2.1703E-06    0.0000E+00   -7.8642E-04    0.0000E+00
    97   -4.9862E-06    0.0000E+00    3.6911E-04    0.0000E+00
    98   -2.7493E-05    0.0000E+00    5.0248E-04    0.0000E+00
    99   -1.8108E-04    0.0000E+00    2.3198E-03    0.0000E+00
   100   -2.2993E-04    0.0000E+00   -1.4416E-03    0.0000E+00
   101    6.1002E-05    0.0000E+00    3.7958E-03    0.0000E+00
   102    1.4703E-05    0.0000E+00   -2.3657E-04    0.0000E+00
   103   -4.7630E-06    0.0000E+00    2.8398E-04    0.0000E+00
   104    3.3046E-06    0.0000E+00    6.6681E-05    0.0000E+00
   105   -2.7851E-06    0.0000E+00    1.8439E-04    0.0000E+00
   106    1.4249E-05    0.0000E+00    2.4616E-04    0.0000E+00
   107    1.1930E-06    0.0000E+00   -4.6928E-04    0.0000E+00
   108   -3.1163E-06    0.0000E+00    2.6964E-04    0.0000E+00
   109    1.0703E-06    0.0000E+00   -3.1712E-04    0.0000E+00
   110    9.7072E-06    0.0000E+00    7.1166E-05    0.0000E+00
   111    1.7365E-06    0.0000E+00   -9.5910E-05    0.0000E+00
   112   -2.9293E-07    0.0000E+00    1.2883E-04    0.0000E+00
   113    3.0727E-07    0.0000E+00   -8.2285E-05    0.0000E+00
   114   -1.1868E-06    0.0000E+00   -3.4525E-04    0.0000E+00
   115    2.1264E-07    0.0000E+00   -3.5597E-04    0.0000E+00
   116   -6.6049E-07    0.0000E+00   -1.7052E-04    0.0000E+00
   117   -7.5430E-07    0.0000E+00    3.0669E-05    0.0000E+00
   118    2.3753E-06    0.0000E+00   -8.5494E-06    0.0000E+00
   119    1.1088E-06    0.0000E+00   -4.0811E-05    0.0000E+00
   120   -2.6441E-08    0.0000E+00   -6.7350E-07    0.0000E+00
   121    1.3632E-06    0.0000E+00   -2.4662E-05    0.0000E+00
   122    1.5516E-06    0.0000E+00    1.8796E-06    0.0000E+00
   123   -8.3964E-07    0.0000E+00   -1.7751E-04    0.0000E+00
   124    1.8826E-07    0.0000E+00    9.4996E-07    0.0000E+00
   125   -1.4344E-06    0.0000E+00    1.1062E-04    0.0000E+00
   126   -1.5056E-06    0.0000E+00    8.2632E-07    0.0000E+00
   127   -5.9218E-07    0.0000E+00    1.7254E-05    0.0000E+00
   128    1.1186E-07    0.0000E+00    1.6294E-05    0.0000E+00
   129    1.4635E-07    0.0000E+00    1.0789E-05    0.0000E+00
   130   -4.1523E-07    0.0000E+00   -9.4199E-06    0.0000E+00
   131   -8.5369E-07    0.0000E+00   -5.7084E-06    0.0000E+00
   132    1.1912E-07    0.0000E+00    2.8554E-05    0.0000E+00
   133    6.5143E-11    0.0000E+00    1.4961E-05    0.0000E+00
   134   -4.2263E-07    0.0000E+00    3.8641E-06    0.0000E+00
   135   -4.0993E-07    0.0000E+00   -9.2997E-05    0.0000E+00
   136   -2.9204E-06    0.0000E+00   -4.1151E-04    0.0000E+00
   137   -5.0273E-06    0.0000E+00   -6.2204E-04    0.0000E+00
   138   -3.7892E-06    0.0000E+00   -2.1108E-04    0.0000E+00
   139    2.5446E-06    0.0000E+00    7.7728E-04    0.0000E+00
   140    1.1801E-06    0.0000E+00    1.6110E-04    0.0000E+00
   141   -2.8076E-06    0.0000E+00   -5.6597E-04    0.0000E+00
   142    1.3390E-06    0.0000E+00    3.4809E-04    0.0000E+00
   143   -6.4755E-06    0.0000E+00   -4.8476E-04    0.0000E+00
   144    2.1885E-06    0.0000E+00    2.5148E-04    0.0000E+00
   145    5.7840E-06    0.0000E+00   -1.2136E-04    0.0000E+00
   146   -9.5552E-06    0.0000E+00    1.3053E-05    0.0000E+00
   147    4.4741E-05    0.0000E+00   -6.7632E-05    0.0000E+00
   148   -1.1932E-05    0.0000E+00   -2.0183E-03    0.0000E+00
   149   -4.7625E-05    0.0000E+00    3.2319E-04    0.0000E+00
   150   -2.9090E-04    0.0000E+00   -3.6372E-03    0.0000E+00
   151   -3.2886E-05    0.0000E+00    1.8737E-03    0.0000E+00
   152    4.3225E-06    0.0000E+00    4.5041E-04    0.0000E+00
   153   -4.5146E-06    0.0000E+00   -2.6241E-04    0.0000E+00
   154    9.1241E-07    0.0000E+00   -6.6449E-06    0.0000E+00
   155   -1.7602E-06    0.0000E+00   -3.5537E-05    0.0000E+00
   156   -1.2127E-06    0.0000E+00   -2.3575E-06    0.0000E+00
   157    5.1760E-07    0.0000E+00    8.9157E-05    0.0000E+00
   158   -7.4187E-07    0.0000E+00   -4.5423E-05    0.0000E+00
   159   -1.0792E-06    0.0000E+00   -5.0557E-05    0.0000E+00
   160   -4.7578E-07    0.0000E+00    1.8618E-04    0.0000E+00
   161   -9.2379E-07    0.0000E+00   -9.1696E-05    0.0000E+00
   162   -5.3535E-07    0.0000E+00   -1.3824E-04    0.0000E+00
   163   -2.9800E-07    0.0000E+00    1.3593E-04    0.0000E+00
   164    6.1932E-08    0.0000E+00    2.4283E-04    0.0000E+00
   165    5.5842E-07    0.0000E+00    1.7365E-04    0.0000E+00
   166    6.3590E-07    0.0000E+00    6.5798E-05    0.0000E+00
   167   -3.3920E-07    0.0000E+00   -1.0076E-05    0.0000E+00
   168   -3.7888E-07    0.0000E+00   -8.9409E-06    0.0000E+00
   169    1.0051E-08    0.0000E+00   -9.2631E-07    0.0000E+00
   170   -3.6437E-07    0.0000E+00   -4.4410E-06    0.0000E+00
   171   -2.9123E-07    0.0000E+00    2.4363E-05    0.0000E+00
   172   -1.0670E-07    0.0000E+00   -7.4440E-05    0.0000E+00
   173   -1.0053E-07    0.0000E+00    1.2465E-04    0.0000E+00
   174   -8.0880E-07    0.0000E+00   -6.6624E-05    0.0000E+00
   175    2.6303E-06    0.0000E+00   -7.1707E-05    0.0000E+00
   176    1.0634E-06    0.0000E+00   -3.6578E-05    0.0000E+00
   177   -6.0367E-07    0.0000E+00    4.3417E-07    0.0000E+00
   178   -1.6606E-07    0.0000E+00    1.1044E-05    0.0000E+00
   179    2.3626E-07    0.0000E+00   -9.7725E-07    0.0000E+00
   180   -4.2512E-07    0.0000E+00   -8.3932E-06    0.0000E+00
   181   -8.9005E-07    0.0000E+00   -1.2194E-05    0.0000E+00
   182   -1.9295E-07    0.0000E+00    5.8632E-06    0.0000E+00
   183   -3.5575E-07    0.0000E+00    1.8750E-05    0.0000E+00
   184   -7.1951E-07    0.0000E+00    2.4843E-05    0.0000E+00
   185   -1.2750E-06    0.0000E+00   -3.6398E-05    0.0000E+00
   186   -2.6841E-06    0.0000E+00   -2.0889E-04    0.0000E+00
   187   -2.0446E-06    0.0000E+00   -2.7674E-04    0.0000E+00
   188    1.0906E-06    0.0000E+00    2.3055E-05    0.0000E+00
   189    9.4200E-07    0.0000E+00    4.0906E-04    0.0000E+00
   190   -3.3938E-06    0.0000E+00   -2.4826E-04    0.0000E+00
   191    2.3935E-06    0.0000E+00   -9.2027E-05    0.0000E+00
   192    2.1737E-06    0.0000E+00    1.2423E-04    0.0000E+00
   193   -6.1392E-06    0.0000E+00   -2.1459E-04    0.0000E+00
   194   -1.7970E-06    0.0000E+00    1.1551E-04    0.0000E+00
   195   -1.0193E-05    0.0000E+00   -6.9213E-05    0.0000E+00
   196    7.8067E-06    0.0000E+00    1.2988E-04    0.0000E+00
   197   -9.8630E-06    0.0000E+00    2.4472E-04    0.0000E+00
   198    2.9520E-05    0.0000E+00    4.8449E-04    0.0000E+00
   199    9.4794E-05    0.0000E+00    4.9807E-04    0.0000E+00
   200    6.5431E-05    0.0000E+00   -2.4938E-04    0.0000E+00
   201    1.4384E-05    0.0000E+00    5.3044E-05    0.0000E+00
   202   -7.1588E-06    0.0000E+00   -1.8557E-04    0.0000E+00
   203   -4.4707E-06    0.0000E+00   -4.9472E-05    0.0000E+00
   204    5.8741E-07    0.0000E+00   -3.6643E-05    0.0000E+00
   205   -1.4874E-06    0.0000E+00    4.9473E-05    0.0000E+00
   206   -2.0224E-06    0.0000E+00   -8.7311E-05    0.0000E+00
   207    1.8998E-06    0.0000E+00    3.8635E-05    0.0000E+00
   208   -1.6685E-06    0.0000E+00   -1.1891E-05    0.0000E+00
   209   -1.8501E-06    0.0000E+00    1.1957E-05    0.0000E+00
   210   -1.6633E-07    0.0000E+00   -1.0644E-04    0.0000E+00
   211    4.2192E-07    0.0000E+00    8.8678E-05    0.0000E+00
   212    1.4033E-07    0.0000E+00    1.7925E-05    0.0000E+00
   213    7.5464E-08    0.0000E+00   -1.3491E-04    0.0000E+00
   214   -2.1246E-07    0.0000E+00   -1.4599E-04    0.0000E+00
   215   -7.3277E-08    0.0000E+00   -6.8466E-05    0.0000E+00
   216    2.7438E-07    0.0000E+00   -5.7340E-06    0.0000E+00
   217   -5.2629E-07    0.0000E+00    2.0725E-06    0.0000E+00
   218   -3.5905E-07    0.0000E+00    3.8852E-06    0.0000E+00
   219    8.1136E-08    0.0000E+00    1.6758E-05    0.0000E+00
   220   -1.4511E-07    0.0000E+00    5.5031E-07    0.0000E+00
   221   -7.4685E-07    0.0000E+00   -2.3935E-05    0.0000E+00
   222    5.9461E-07    0.0000E+00    4.1905E-05    0.0000E+00
   223    1.2318E-06    0.0000E+00   -5.9071E-05    0.0000E+00
   224    1.8694E-06    0.0000E+00    9.3538E-06    0.0000E+00
   225    4.3581E-07    0.0000E+00    4.7733E-06    0.0000E+00
   226    8.4578E-07    0.0000E+00   -1.3917E-05    0.0000E+00
   227    4.0824E-07    0.0000E+00   -9.5936E-07    0.0000E+00
   228    8.8561E-08    0.0000E+00    1.1875E-05    0.0000E+00
   229    2.1108E-07    0.0000E+00    3.1338E-06    0.0000E+00
   230    4.8223E-07    0.0000E+00   -4.5583E-06    0.0000E+00
   231    4.3337E-07    0.0000E+00   -3.2412E-06    0.0000E+00
   232    5.0769E-07    0.0000E+00    8.5305E-06    0.0000E+00
   233    6.6530E-07    0.0000E+00    1.1349E-05    0.0000E+00
   234    6.4608E-07    0.0000E+00    1.4955E-05    0.0000E+00
   235    5.4412E-07    0.0000E+00   -2.3271E-05    0.0000E+00
   236   -1.9144E-07    0.0000E+00   -1.0413E-04    0.0000E+00
   237   -1.1651E-06    0.0000E+00   -9.0178E-05    0.0000E+00
   238    1.2936E-06    0.0000E+00    6.8006E-05    0.0000E+00
   239    3.1306E-06    0.0000E+00    1.4020E-04    0.0000E+00
   240   -3.7876E-06    0.0000E+00   -2.2555E-04    0.0000E+00
   241    1.0225E-06    0.0000E+00    8.7285E-05    0.0000E+00
   242    1.3781E-06    0.0000E+00    1.8534E-06    0.0000E+00
   243    6.6491E-06    0.0000E+00   -2.9487E-05    0.0000E+00
   244   -7.2531E-06    0.0000E+00   -6.9980E-06    0.0000E+00
   245    1.0914E-05    0.0000E+00   -3.8716E-05    0.0000E+00
   246   -3.1096E-05    0.0000E+00   -4.3381E-05    0.0000E+00
   247   -3.0718E-05    0.0000E+00    9.9947E-05    0.0000E+00
   248    5.8085E-06    0.0000E+00   -2.8706E-04    0.0000E+00
   249   -1.8396E-05    0.0000E+00   -1.5314E-04    0.0000E+00
   250    3.9692E-06    0.0000E+00    2.4168E-04    0.0000E+00
   251    6.4268E-06    0.0000E+00   -3.2554E-05    0.0000E+00
   252    5.2819E-06    0.0000E+00   -2.1984E-05    0.0000E+00
   253    1.4703E-07    0.0000E+00    3.7770E-06    0.0000E+00
   254    5.8199E-08    0.0000E+00    1.7133E-05    0.0000E+00
   255    2.6418E-07    0.0000E+00    4.4061E-06    0.0000E+00
   256    1.0083E-06    0.0000E+00    1.3961E-05    0.0000E+00
   257    9.6931E-07    0.0000E+00   -9.6160E-06    0.0000E+00
   258    7.6698E-07    0.0000E+00   -6.2846E-06    0.0000E+00
   259    7.3838E-07    0.0000E+00    4.2278E-05    0.0000E+00
   260    8.1255E-07    0.0000E+00    2.2656E-05    0.0000E+00
   261    5.0416E-07    0.0000E+00   -2.8141E-05    0.0000E+00
   262    1.9183E-07    0.0000E+00    3.5667E-05    0.0000E+00
   263    7.2984E-08    0.0000E+00    8.6590E-05    0.0000E+00
   264   -3.0398E-08    0.0000E+00    6.2098E-05    0.0000E+00
   265    9.8786E-08    0.0000E+00    1.7235E-05    0.0000E+00
   266    2.0277E-07    0.0000E+00    3.2681E-06    0.0000E+00
   267    2.8244E-07    0.0000E+00    2.7984E-06    0.0000E+00
   268    3.3479E-08    0.0000E+00   -1.5017E-05    0.0000E+00
   269    2.3269E-07    0.0000E+00   -1.8965E-05    0.0000E+00
   270    3.6314E-07    0.0000E+00    1.7760E-05    0.0000E+00
   271   -4.5936E-07    0.0000E+00   -4.1519E-06    0.0000E+00
   272   -2.4342E-07    0.0000E+00   -2.4017E-06    0.0000E+00
   273   -1.0911E-06    0.0000E+00   -2.3743E-05    0.0000E+00
   274   -2.8080E-06    0.0000E+00    1.6412E-05    0.0000E+00
   275   -2.3488E-06    0.0000E+00    1.4525E-05    0.0000E+00
   276   -5.7334E-07    0.0000E+00   -2.6556E-06    0.0000E+00
   277   -2.1301E-07    0.0000E+00    1.0744E-06    0.0000E+00
   278   -5.8193E-07    0.0000E+00    2.3545E-06    0.0000E+00
   279   -5.3501E-07    0.0000E+00   -6.1119E-06    0.0000E+00
   280   -4.9832E-07    0.0000E+00   -1.7103E-06    0.0000E+00
   281   -8.6814E-07    0.0000E+00    1.3159E-07    0.0000E+00
   282   -5.9799E-07    0.0000E+00    1.4790E-06    0.0000E+00
   283   -5.0169E-07    0.0000E+00   -2.0146E-06    0.0000E+00
   284   -6.7787E-07    0.0000E+00   -1.5674E-07    0.0000E+00
   285   -5.6668E-07    0.0000E+00   -1.1695E-05    0.0000E+00
   286   -1.8977E-06    0.0000E+00   -2.5592E-05    0.0000E+00
   287   -2.8939E-06    0.0000E+00   -2.5192E-05    0.0000E+00
   288    8.8203E-07    0.0000E+00    2.4381E-05    0.0000E+00
   289   -8.7042E-07    0.0000E+00    2.1722E-05    0.0000E+00
   290   -3.6023E-06    0.0000E+00   -8.5657E-05    0.0000E+00
   291   -2.0718E-06    0.0000E+00    4.8155E-05    0.0000E+00
   292   -1.2551E-06    0.0000E+00   -1.3403E-05    0.0000E+00
   293   -2.9327E-06    0.0000E+00    8.3230E-06    0.0000E+00
   294    2.5927E-05    0.0000E+00    1.6346E-06    0.0000E+00
   295   -3.9258E-06    0.0000E+00    6.0448E-05    0.0000E+00
   296    1.3634E-05    0.0000E+00   -2.3639E-04    0.0000E+00
   297    6.3878E-06    0.0000E+00   -6.5617E-05    0.0000E+00
   298    3.8637E-05    0.0000E+00    1.0362E-04    0.0000E+00
   299   -2.7570E-06    0.0000E+00   -7.0787E-05    0.0000E+00
   300   -1.4039E-05    0.0000E+00    2.5063E-05    0.0000E+00
   301   -4.5348E-06    0.0000E+00    6.6249E-06    0.0000E+00
   302   -1.3508E-06    0.0000E+00    1.0599E-05    0.0000E+00
   303   -2.8285E-07    0.0000E+00    6.2561E-06    0.0000E+00
   304    1.5082E-06    0.0000E+00   -4.1374E-06    0.0000E+00
   305   -1.8469E-06    0.0000E+00   -9.9947E-06    0.0000E+00
   306   -3.3979E-06    0.0000E+00    7.5157E-06    0.0000E+00
   307   -5.0884E-07    0.0000E+00    2.8649E-06    0.0000E+00
   308   -4.7010E-07    0.0000E+00   -6.4087E-06    0.0000E+00
   309   -1.9224E-06    0.0000E+00   -1.9737E-05    0.0000E+00
   310   -1.4637E-06    0.0000E+00    7.1375E-07    0.0000E+00
   311   -1.2843E-06    0.0000E+00   -9.7335E-06    0.0000E+00
   312   -6.5524E-07    0.0000E+00   -3.6190E-05    0.0000E+00
   313   -7.5270E-07    0.0000E+00   -4.0175E-05    0.0000E+00
   314   -1.4087E-06    0.0000E+00   -1.3804E-05    0.0000E+00
   315   -9.1621E-07    0.0000E+00   -5.2550E-06    0.0000E+00
   316   -3.6889E-07    0.0000E+00   -8.0284E-06    0.0000E+00
   317   -6.5856E-07    0.0000E+00   -1.1762E-05    0.0000E+00
   318    4.8206E-08    0.0000E+00    2.3756E-05    0.0000E+00
   319    1.9452E-07    0.0000E+00    3.1399E-05    0.0000E+00
   320    9.7039E-07    0.0000E+00    8.4854E-06    0.0000E+00
   321    1.1150E-07    0.0000E+00   -2.3727E-05    0.0000E+00
   322   -9.7028E-07    0.0000E+00    1.3685E-05    0.0000E+00
   323   -1.1035E-06    0.0000E+00    2.3721E-05    0.0000E+00
   324    3.5892E-07    0.0000E+00   -1.6149E-05    0.0000E+00
   325    3.0178E-07    0.0000E+00    5.1225E-06    0.0000E+00
   326   -1.7821E-07    0.0000E+00    6.2740E-06    0.0000E+00
   327    8.4526E-08    0.0000E+00   -4.6310E-07    0.0000E+00
   328   -7.4110E-08    0.0000E+00   -3.1629E-06    0.0000E+00
   329    3.2425E-07    0.0000E+00   -2.0783E-06    0.0000E+00
   330    4.9450E-07    0.0000E+00   -4.5768E-07    0.0000E+00
   331    5.9658E-08    0.0000E+00   -1.8168E-06    0.0000E+00
   332   -2.7337E-07    0.0000E+00    1.7411E-06    0.0000E+00
   333    3.5361E-08    0.0000E+00    6.5214E-07    0.0000E+00
   334    5.1502E-07    0.0000E+00    3.4772E-06    0.0000E+00
   335    8.4047E-07    0.0000E+00   -1.4404E-06    0.0000E+00
   336   -2.2840E-07    0.0000E+00   -9.5461E-06    0.0000E+00
   337    5.2644E-07    0.0000E+00   -3.9652E-06    0.0000E+00
   338    5.2035E-07    0.0000E+00    1.4046E-05    0.0000E+00
   339    2.8914E-06    0.0000E+00   -9.9923E-06    0.0000E+00
   340    6.6145E-07    0.0000E+00   -1.7600E-05    0.0000E+00
   341    1.5251E-06    0.0000E+00    8.7633E-06    0.0000E+00
   342   -6.1293E-06    0.0000E+00   -8.6013E-06    0.0000E+00
   343   -8.0991E-06    0.0000E+00    1.9402E-06    0.0000E+00
   344   -1.4054E-05    0.0000E+00    3.3207E-05    0.0000E+00
   345    3.8717E-05    0.0000E+00    4.5374E-05    0.0000E+00
   346    5.1457E-05    0.0000E+00    6.3675E-05    0.0000E+00
   347   -1.1507E-05    0.0000E+00   -1.4623E-05    0.0000E+00
   348   -2.6497E-06    0.0000E+00    6.7933E-05    0.0000E+00
   349    2.9078E-05    0.0000E+00    1.8678E-05    0.0000E+00
   350    1.0339E-05    0.0000E+00   -2.1832E-05    0.0000E+00
   351   -1.8831E-06    0.0000E+00   -1.1245E-05    0.0000E+00
   352   -2.1379E-06    0.0000E+00   -1.2497E-05    0.0000E+00
   353   -1.1203E-06    0.0000E+00    2.9623E-06    0.0000E+00
   354    2.6980E-06    0.0000E+00    4.2371E-06    0.0000E+00
   355    2.2532E-06    0.0000E+00   -2.6254E-06    0.0000E+00
   356   -7.5763E-07    0.0000E+00   -1.2029E-05    0.0000E+00
   357   -4.0121E-07    0.0000E+00    1.1532E-07    0.0000E+00
   358    1.3670E-06    0.0000E+00    6.5369E-06    0.0000E+00
   359    1.3262E-06    0.0000E+00    4.8137E-07    0.0000E+00
   360    5.9838E-09    0.0000E+00    2.5459E-06    0.0000E+00
   361   -1.6551E-07    0.0000E+00    1.5086E-05    0.0000E+00
   362    4.2352E-07    0.0000E+00    1.9946E-05    0.0000E+00
   363    1.5824E-06    0.0000E+00    1.1518E-05    0.0000E+00
   364    9.0556E-07    0.0000E+00   -1.6723E-06    0.0000E+00
   365    5.3576E-08    0.0000E+00    4.9373E-06    0.0000E+00
   366    3.6155E-07    0.0000E+00    1.2361E-05    0.0000E+00
   367    5.5132E-07    0.0000E+00    7.3702E-06    0.0000E+00
   368   -2.0526E-07    0.0000E+00   -1.9361E-05    0.0000E+00
   369   -4.8584E-07    0.0000E+00    5.2416E-06    0.0000E+00
   370   -2.5553E-07    0.0000E+00    2.5978E-06    0.0000E+00
   371    9.9005E-07    0.0000E+00   -2.3771E-06    0.0000E+00
   372    1.5038E-06    0.0000E+00   -4.5111E-06    0.0000E+00
   373    2.9289E-06    0.0000E+00    7.9670E-06    0.0000E+00
   374    2.0635E-06    0.0000E+00   -4.7630E-06    0.0000E+00
   375    9.3634E-07    0.0000E+00   -4.6693E-06    0.0000E+00
   376    6.9406E-07    0.0000E+00    4.1849E-06    0.0000E+00
   377    1.0790E-06    0.0000E+00    2.0776E-06    0.0000E+00
   378    6.8128E-07    0.0000E+00   -1.6111E-06    0.0000E+00
   379    4.9413E-07    0.0000E+00    1.5126E-06    0.0000E+00
   380    1.1857E-06    0.0000E+00    1.4071E-06    0.0000E+00
   381    1.4853E-06    0.0000E+00   -2.4638E-07    0.0000E+00
   382    1.4643E-06    0.0000E+00    2.4173E-06    0.0000E+00
   383    5.9414E-07    0.0000E+00    4.4624E-07    0.0000E+00
   384   -2.8442E-07    0.0000E+00    1.9377E-06    0.0000E+00
   385    2.0033E-06    0.0000E+00    2.3670E-06    0.0000E+00
   386    3.7096E-06    0.0000E+00    1.7575E-06    0.0000E+00
   387    5.5575E-07    0.0000E+00   -1.7069E-06    0.0000E+00
   388   -1.4673E-06    0.0000E+00    3.5761E-06    0.0000E+00
   389    2.6007E-06    0.0000E+00   -5.6140E-07    0.0000E+00
   390    2.3236E-06    0.0000E+00    4.4696E-06    0.0000E+00
   391    2.8459E-06    0.0000E+00    1.3432E-06    0.0000E+00
   392    1.2529E-05    0.0000E+00   -4.0095E-06    0.0000E+00
   393   -1.7108E-05    0.0000E+00   -3.5829E-05    0.0000E+00
   394   -2.9531E-05    0.0000E+00    2.0949E-06    0.0000E+00
   395   -3.2380E-05    0.0000E+00    6.9121E-05    0.0000E+00
   396    1.9172E-05    0.0000E+00    5.2730E-05    0.0000E+00
   397    8.9740E-06    0.0000E+00   -2.2468E-05    0.0000E+00
   398   -2.0295E-05    0.0000E+00   -2.7726E-05    0.0000E+00
   399   -1.2953E-05    0.0000E+00    2.5705E-05    0.0000E+00
   400    1.1570E-06    0.0000E+00    9.8837E-06    0.0000E+00
   401    4.9194E-06    0.0000E+00    2.1676E-06    0.0000E+00
   402    3.6104E-06    0.0000E+00    4.5007E-07    0.0000E+00
   403   -1.9075E-06    0.0000E+00   -2.7763E-06    0.0000E+00
   404   -6.0170E-07    0.0000E+00    3.3921E-06    0.0000E+00
   405    4.0435E-06    0.0000E+00    4.9945E-06    0.0000E+00
   406    2.9897E-06    0.0000E+00    2.0006E-06    0.0000E+00
   407    8.5913E-07    0.0000E+00   -2.6746E-06    0.0000E+00
   408    4.4072E-07    0.0000E+00    1.2059E-06    0.0000E+00
   409    9.9248E-07    0.0000E+00    2.7306E-06    0.0000E+00
   410    2.1579E-06    0.0000E+00   -4.7971E-06    0.0000E+00
   411    1.1350E-06    0.0000E+00   -9.8078E-06    0.0000E+00
   412   -4.7975E-07    0.0000E+00   -7.8277E-06    0.0000E+00
   413    2.9038E-07    0.0000E+00    1.7925E-06    0.0000E+00
   414    1.1129E-06    0.0000E+00   -4.1528E-08    0.0000E+00
   415    4.5337E-07    0.0000E+00   -7.7563E-06    0.0000E+00
   416    6.1394E-07    0.0000E+00   -8.7682E-06    0.0000E+00
   417    3.8527E-07    0.0000E+00    1.0759E-05    0.0000E+00
   418    7.7722E-07    0.0000E+00    2.1366E-05    0.0000E+00
   419   -6.6177E-07    0.0000E+00   -1.1773E-05    0.0000E+00
   420   -1.1249E-06    0.0000E+00    7.0124E-06    0.0000E+00
   421    1.3710E-07    0.0000E+00    1.5318E-05    0.0000E+00
   422    2.4766E-07    0.0000E+00   -1.4552E-05    0.0000E+00
   423   -9.1295E-07    0.0000E+00    5.9590E-06    0.0000E+00
   424   -9.7037E-07    0.0000E+00    5.1100E-06    0.0000E+00
   425   -5.0795E-07    0.0000E+00   -2.9297E-06    0.0000E+00
   426   -6.1114E-07    0.0000E+00   -1.0106E-07    0.0000E+00
   427   -1.4775E-07    0.0000E+00    3.7563E-07    0.0000E+00
   428   -3.5525E-07    0.0000E+00   -3.1048E-07    0.0000E+00
   429   -1.0587E-06    0.0000E+00    9.8535E-07    0.0000E+00
   430   -1.1019E-06    0.0000E+00   -1.3927E-07    0.0000E+00
   431   -5.6962E-07    0.0000E+00    4.7765E-07    0.0000E+00
   432    2.5673E-07    0.0000E+00    2.0328E-06    0.0000E+00
   433   -4.8983E-07    0.0000E+00   -2.2199E-07    0.0000E+00
   434   -2.4412E-06    0.0000E+00   -1.3724E-06    0.0000E+00
   435   -2.3537E-06    0.0000E+00    1.1645E-06    0.0000E+00
   436    6.6832E-07    0.0000E+00    2.7881E-06    0.0000E+00
   437   -2.0760E-07    0.0000E+00   -1.9711E-06    0.0000E+00
   438   -4.3326E-06    0.0000E+00   -1.1963E-06    0.0000E+00
   439   -5.4363E-07    0.0000E+00   -1.3215E-06    0.0000E+00
   440   -5.0144E-06    0.0000E+00    2.6173E-06    0.0000E+00
   441    1.0455E-06    0.0000E+00    7.6560E-06    0.0000E+00
   442    6.4871E-06    0.0000E+00    1.1082E-05    0.0000E+00
   443    3.9588E-05    0.0000E+00   -1.2637E-05    0.0000E+00
   444   -1.3798E-05    0.0000E+00   -5.5215E-05    0.0000E+00
   445   -5.9531E-05    0.0000E+00   -3.3835E-05    0.0000E+00
   446   -4.9521E-05    0.0000E+00    2.1787E-05    0.0000E+00
   447   -6.5973E-06    0.0000E+00    2.5262E-05    0.0000E+00
   448   -3.6676E-06    0.0000E+00   -1.5320E-05    0.0000E+00
   449   -9.6639E-06    0.0000E+00   -1.3624E-05    0.0000E+00
   450   -5.9629E-06    0.0000E+00    1.6151E-06    0.0000E+00
   451   -1.7003E-06    0.0000E+00    4.5621E-06    0.0000E+00
   452    2.2551E-06    0.0000E+00    1.5961E-06    0.0000E+00
   453   -8.7243E-07    0.0000E+00   -9.3358E-07    0.0000E+00
   454   -3.7688E-06    0.0000E+00   -6.4526E-07    0.0000E+00
   455   -2.1247E-06    0.0000E+00    6.5330E-07    0.0000E+00
   456    5.8569E-08    0.0000E+00    1.7757E-06    0.0000E+00
   457   -9.4148E-07    0.0000E+00    1.0509E-07    0.0000E+00
   458   -1.8314E-06    0.0000E+00   -1.1906E-06    0.0000E+00
   459   -1.6281E-06    0.0000E+00    2.2902E-06    0.0000E+00
   460   -8.7612E-07    0.0000E+00    3.2511E-06    0.0000E+00
   461    1.2180E-07    0.0000E+00    3.1938E-06    0.0000E+00
   462   -5.6786E-07    0.0000E+00    2.4895E-06    0.0000E+00
   463   -1.0061E-06    0.0000E+00   -9.9975E-08    0.0000E+00
   464   -4.5580E-07    0.0000E+00   -2.7194E-06    0.0000E+00
   465   -2.8439E-08    0.0000E+00    1.3446E-05    0.0000E+00
   466   -2.4873E-07    0.0000E+00    9.9405E-06    0.0000E+00
   467   -1.5398E-07    0.0000E+00    8.9423E-06    0.0000E+00
   468   -3.7773E-07    0.0000E+00   -1.2443E-05    0.0000E+00
   469    1.3954E-06    0.0000E+00    2.2005E-07    0.0000E+00
   470    9.7768E-07    0.0000E+00    2.0929E-05    0.0000E+00
   471   -6.2112E-07    0.0000E+00    3.0158E-05    0.0000E+00
   472   -2.1299E-06    0.0000E+00    1.0145E-05    0.0000E+00
   473   -1.4474E-06    0.0000E+00   -5.1440E-06    0.0000E+00
   474   -1.9723E-07    0.0000E+00    3.1528E-06    0.0000E+00
   475   -4.1225E-07    0.0000E+00    2.0193E-07    0.0000E+00
   476   -3.4676E-07    0.0000E+00   -8.0150E-07    0.0000E+00
   477   -6.6186E-07    0.0000E+00    4.5864E-07    0.0000E+00
   478   -3.0533E-07    0.0000E+00   -1.5719E-06    0.0000E+00
   479    6.0033E-08    0.0000E+00   -2.1316E-07    0.0000E+00
   480   -8.9940E-07    0.0000E+00   -4.8592E-07    0.0000E+00
   481   -1.7898E-06    0.0000E+00   -7.2029E-07    0.0000E+00
   482   -5.3242E-07    0.0000E+00    3.1363E-06    0.0000E+00
   483    1.2199E-06    0.0000E+00    5.1041E-07    0.0000E+00
   484    4.6232E-07    0.0000E+00   -4.7170E-06    0.0000E+00
   485   -2.6416E-06    0.0000E+00   -1.8869E-06    0.0000E+00
   486   -9.5867E-07    0.0000E+00    3.4605E-06    0.0000E+00
   487    1.0538E-06    0.0000E+00   -2.3433E-06    0.0000E+00
   488    3.0132E-06    0.0000E+00   -1.1280E-06    0.0000E+00
   489   -1.2405E-06    0.0000E+00   -2.8718E-06    0.0000E+00
   490    8.9860E-07    0.0000E+00   -5.8831E-06    0.0000E+00
   491   -9.1487E-06    0.0000E+00    2.4985E-06    0.0000E+00
   492   -2.2121E-05    0.0000E+00    6.1136E-06    0.0000E+00
   493    3.2704E-05    0.0000E+00    3.3640E-05    0.0000E+00
   494    4.2987E-05    0.0000E+00    2.1680E-05    0.0000E+00
   495    1.9961E-05    0.0000E+00   -2.9259E-05    0.0000E+00
   496    8.4190E-07    0.0000E+00   -4.0551E-05    0.0000E+00
   497   -3.9452E-07    0.0000E+00   -7.9822E-06    0.0000E+00
   498    1.5493E-05    0.0000E+00    3.3609E-06    0.0000E+00
   499    6.9372E-06    0.0000E+00   -6.9401E-06    0.0000E+00
   500   -1.8557E-07    0.0000E+00   -8.3607E-06    0.0000E+00
   501   -2.8623E-06    0.0000E+00   -1.0482E-06    0.0000E+00
   502   -1.8406E-06    0.0000E+00    2.1023E-06    0.0000E+00
   503    2.0184E-06    0.0000E+00   -3.7610E-07    0.0000E+00
   504    5.0632E-07    0.0000E+00   -2.9958E-06    0.0000E+00
   505   -2.1229E-06    0.0000E+00   -1.5270E-06    0.0000E+00
   506   -1.4998E-06    0.0000E+00    8.2221E-08    0.0000E+00
   507    5.3612E-07    0.0000E+00   -9.0725E-09    0.0000E+00
   508    1.2256E-06    0.0000E+00   -2.0066E-07    0.0000E+00
   509   -3.5808E-07    0.0000E+00   -3.3779E-06    0.0000E+00
   510   -6.2107E-07    0.0000E+00    1.5336E-07    0.0000E+00
   511    1.3723E-07    0.0000E+00   -1.5107E-06    0.0000E+00
   512    7.3145E-07    0.0000E+00    1.0708E-06    0.0000E+00
   513    1.5763E-08    0.0000E+00   -9.4856E-07    0.0000E+00
   514    5.2304E-08    0.0000E+00    4.7764E-06    0.0000E+00
   515   -2.1499E-07    0.0000E+00   -3.9554E-06    0.0000E+00
   516    9.0290E-07    0.0000E+00    1.2527E-05    0.0000E+00
   517   -6.9703E-07    0.0000E+00   -1.3720E-05    0.0000E+00
   518   -5.2689E-07    0.0000E+00   -4.6886E-06    0.0000E+00
   519    2.9210E-07    0.0000E+00    2.4423E-06    0.0000E+00
   520   -1.6309E-07    0.0000E+00   -1.6088E-05    0.0000E+00
   521    1.0057E-07    0.0000E+00   -4.4629E-06    0.0000E+00
   522    1.4628E-06    0.0000E+00    4.8721E-07    0.0000E+00
   523    1.0091E-06    0.0000E+00   -5.0615E-06    0.0000E+00
   524    3.2203E-07    0.0000E+00   -2.3271E-06    0.0000E+00
   525    9.4189E-07    0.0000E+00    1.2074E-06    0.0000E+00
   526    6.3047E-07    0.0000E+00    2.1236E-06    0.0000E+00
   527    1.6720E-07    0.0000E+00    6.4840E-08    0.0000E+00
   528    7.1039E-07    0.0000E+00   -5.3115E-07    0.0000E+00
   529    1.2101E-06    0.0000E+00    4.2672E-07    0.0000E+00
   530    1.7124E-06    0.0000E+00    4.9540E-07    0.0000E+00
   531    9.9171E-07    0.0000E+00   -1.6601E-07    0.0000E+00
   532   -7.6886E-07    0.0000E+00   -7.9574E-07    0.0000E+00
   533    1.1782E-06    0.0000E+00    1.6770E-06    0.0000E+00
   534    3.7654E-06    0.0000E+00    2.7671E-06    0.0000E+00
   535    4.3098E-07    0.0000E+00   -8.2817E-07    0.0000E+00
   536   -5.3580E-07    0.0000E+00   -5.9264E-07    0.0000E+00
   537    1.3479E-06    0.0000E+00    2.5862E-06    0.0000E+00
   538    1.1215E-06    0.0000E+00    4.2969E-06    0.0000E+00
   539    1.4793E-06    0.0000E+00    8.8209E-07    0.0000E+00
   540    8.8127E-06    0.0000E+00    4.4528E-06    0.0000E+00
   541   -4.7492E-06    0.0000E+00   -1.9583E-05    0.0000E+00
   542   -3.4105E-06    0.0000E+00   -1.8268E-05    0.0000E+00
   543   -4.2283E-05    0.0000E+00    2.9655E-05    0.0000E+00
   544   -2.0786E-05    0.0000E+00    3.1783E-05    0.0000E+00
   545    1.4050E-05    0.0000E+00    1.7549E-05    0.0000E+00
   546    1.2539E-05    0.0000E+00   -1.1501E-06    0.0000E+00
   547   -1.4570E-06    0.0000E+00   -3.6764E-06    0.0000E+00
   548   -4.9410E-06    0.0000E+00    8.1785E-06    0.0000E+00
   549    3.3390E-06    0.0000E+00    6.6114E-06    0.0000E+00
   550    4.0996E-06    0.0000E+00    2.5386E-06    0.0000E+00
   551    2.7127E-07    0.0000E+00   -1.8739E-06    0.0000E+00
   552   -8.6763E-07    0.0000E+00   -1.9252E-06    0.0000E+00
   553    1.3173E-06    0.0000E+00    1.3118E-06    0.0000E+00
   554    2.6274E-06    0.0000E+00    1.6144E-06    0.0000E+00
   555    1.5208E-06    0.0000E+00   -5.8167E-07    0.0000E+00
   556    5.7246E-07    0.0000E+00   -6.9739E-07    0.0000E+00
   557    5.5348E-07    0.0000E+00    9.3478E-07    0.0000E+00
   558    9.1319E-07    0.0000E+00   -1.0938E-06    0.0000E+00
   559    1.2738E-06    0.0000E+00   -2.1669E-07    0.0000E+00
   560    5.2185E-07    0.0000E+00   -5.3738E-07    0.0000E+00
   561    2.5720E-08    0.0000E+00   -5.6449E-08    0.0000E+00
   562    2.2249E-07    0.0000E+00   -1.7981E-06    0.0000E+00
   563    7.4852E-07    0.0000E+00    1.3147E-07    0.0000E+00
   564    2.7992E-07    0.0000E+00    6.5846E-06    0.0000E+00
   565   -1.6351E-07    0.0000E+00    1.0630E-05    0.0000E+00
   566   -1.2392E-07    0.0000E+00   -2.4478E-06    0.0000E+00
   567    1.4268E-06    0.0000E+00    2.8382E-06    0.0000E+00
   568   -3.7731E-07    0.0000E+00    8.9431E-06    0.0000E+00
   569   -1.6655E-06    0.0000E+00   -2.0197E-06    0.0000E+00
   570   -3.5445E-07    0.0000E+00   -1.4304E-05    0.0000E+00
   571    8.3679E-07    0.0000E+00   -1.5845E-05    0.0000E+00
   572    5.6022E-07    0.0000E+00    1.0801E-06    0.0000E+00
   573    4.2557E-08    0.0000E+00    1.2643E-06    0.0000E+00
   574   -2.6448E-07    0.0000E+00   -1.3898E-06    0.0000E+00
   575   -9.3106E-07    0.0000E+00    5.5234E-07    0.0000E+00
   576   -2.9149E-07    0.0000E+00   -7.7121E-07    0.0000E+00
   577    2.6355E-08    0.0000E+00    1.7172E-07    0.0000E+00
   578   -1.1477E-06    0.0000E+00    6.1476E-07    0.0000E+00
   579   -1.2836E-06    0.0000E+00    2.9286E-08    0.0000E+00
   580   -4.2958E-07    0.0000E+00    3.7555E-07    0.0000E+00
   581    2.1560E-07    0.0000E+00   -5.6760E-07    0.0000E+00
   582    7.3354E-08    0.0000E+00   -1.7077E-06    0.0000E+00
   583   -2.8835E-06    0.0000E+00    1.1088E-06    0.0000E+00
   584   -3.7725E-06    0.0000E+00    6.5314E-07    0.0000E+00
   585    3.5342E-06    0.0000E+00    2.3460E-07    0.0000E+00
   586   -1.2321E-06    0.0000E+00   -8.7216E-07    0.0000E+00
   587   -3.3006E-06    0.0000E+00   -3.5957E-07    0.0000E+00
   588   -3.1539E-06    0.0000E+00   -2.6276E-06    0.0000E+00
   589   -1.3085E-06    0.0000E+00    2.9130E-06    0.0000E+00
   590   -7.2821E-06    0.0000E+00    2.7619E-06    0.0000E+00
   591    2.3938E-05    0.0000E+00    1.2253E-05    0.0000E+00
   592    1.4767E-05    0.0000E+00   -1.4418E-05    0.0000E+00
   593   -9.0947E-06    0.0000E+00   -5.7065E-05    0.0000E+00
   594   -2.0890E-05    0.0000E+00   -3.7456E-05    0.0000E+00
   595   -1.6125E-05    0.0000E+00   -2.2515E-06    0.0000E+00
   596   -3.0204E-06    0.0000E+00    9.8879E-06    0.0000E+00
   597   -2.1178E-06    0.0000E+00   -1.3503E-06    0.0000E+00
   598   -2.6586E-06    0.0000E+00   -3.8828E-06    0.0000E+00
   599   -5.1122E-06    0.0000E+00    1.6638E-06    0.0000E+00
   600   -2.7444E-06    0.0000E+00    1.1454E-06    0.0000E+00
   601    2.4467E-06    0.0000E+00    8.1898E-07    0.0000E+00
   602   -4.8330E-07    0.0000E+00   -2.0602E-07    0.0000E+00
   603   -3.6485E-06    0.0000E+00   -1.7214E-07    0.0000E+00
   604   -1.9070E-06    0.0000E+00    6.1703E-07    0.0000E+00
   605    2.0758E-07    0.0000E+00    1.0536E-06    0.0000E+00
   606   -1.5888E-07    0.0000E+00    9.0488E-07    0.0000E+00
   607   -1.3826E-06    0.0000E+00   -9.0992E-08    0.0000E+00
   608   -1.7188E-06    0.0000E+00    2.2885E-08    0.0000E+00
   609   -7.5392E-07    0.0000E+00    8.7238E-07    0.0000E+00
   610   -3.0533E-07    0.0000E+00    1.6943E-06    0.0000E+00
   611   -9.9015E-07    0.0000E+00    1.9559E-08    0.0000E+00
   612   -6.0701E-07    0.0000E+00    1.9048E-06    0.0000E+00
   613   -1.2629E-07    0.0000E+00    7.4971E-06    0.0000E+00
   614   -1.1018E-07    0.0000E+00   -1.4994E-06    0.0000E+00
   615   -9.1393E-07    0.0000E+00   -7.7235E-07    0.0000E+00
   616   -1.7142E-07    0.0000E+00   -5.1892E-06    0.0000E+00
   617   -4.5943E-07    0.0000E+00   -7.7039E-07    0.0000E+00
   618    2.8271E-07    0.0000E+00   -2.1444E-06    0.0000E+00
   619    9.7763E-07    0.0000E+00    5.7992E-06    0.0000E+00
   620    2.0939E-07    0.0000E+00    8.3156E-06    0.0000E+00
   621   -1.6150E-06    0.0000E+00    8.9635E-07    0.0000E+00
   622   -1.0353E-06    0.0000E+00   -2.0891E-10    0.0000E+00
   623   -1.8185E-09    0.0000E+00    1.5430E-06    0.0000E+00
   624   -4.4838E-07    0.0000E+00    5.6331E-07    0.0000E+00
   625   -8.3428E-08    0.0000E+00   -1.2391E-06    0.0000E+00
   626   -1.0063E-07    0.0000E+00   -1.7431E-06    0.0000E+00
   627   -2.3908E-07    0.0000E+00   -1.6673E-07    0.0000E+00
   628    4.1764E-07    0.0000E+00    2.5030E-07    0.0000E+00
   629   -9.6576E-07    0.0000E+00   -1.1588E-06    0.0000E+00
   630   -1.5132E-06    0.0000E+00   -1.1072E-06    0.0000E+00
   631    4.9788E-07    0.0000E+00   -1.2119E-07    0.0000E+00
   632    1.2541E-06    0.0000E+00    2.6770E-07    0.0000E+00
   633   -2.5974E-06    0.0000E+00   -3.6147E-06    0.0000E+00
   634    7.7062E-08    0.0000E+00   -6.2841E-07    0.0000E+00
   635   -1.4444E-06    0.0000E+00    2.3749E-06    0.0000E+00
   636    5.4372E-07    0.0000E+00   -1.1646E-06    0.0000E+00
   637    9.9181E-07    0.0000E+00   -1.7872E-06    0.0000E+00
   638   -1.2855E-06    0.0000E+00   -1.4217E-06    0.0000E+00
   639   -9.5267E-07    0.0000E+00   -6.4038E-06    0.0000E+00
   640    4.9985E-06    0.0000E+00    1.0698E-06    0.0000E+00
   641   -2.6354E-05    0.0000E+00    1.0242E-05    0.0000E+00
   642    2.1551E-05    0.0000E+00    2.4802E-05    0.0000E+00
   643    4.4661E-05    0.0000E+00    2.0088E-05    0.0000E+00
   644    2.4092E-05    0.0000E+00    2.5755E-06    0.0000E+00
   645    4.0586E-06    0.0000E+00   -5.1935E-06    0.0000E+00
   646   -3.1491E-06    0.0000E+00   -1.1775E-06    0.0000E+00
   647    5.7516E-06    0.0000E+00    2.2092E-06    0.0000E+00
   648    1.1351E-06    0.0000E+00   -2.4993E-06    0.0000E+00
   649   -9.9754E-07    0.0000E+00   -4.1602E-06    0.0000E+00
   650   -1.3995E-07    0.0000E+00   -4.7018E-07    0.0000E+00
   651   -4.5680E-07    0.0000E+00    9.0104E-07    0.0000E+00
   652    1.3804E-07    0.0000E+00   -1.1486E-06    0.0000E+00
   653    2.0668E-08    0.0000E+00   -2.0690E-06    0.0000E+00
   654   -8.1675E-07    0.0000E+00   -3.9899E-07    0.0000E+00
   655   -1.0154E-06    0.0000E+00    4.4755E-07    0.0000E+00
   656   -1.7941E-07    0.0000E+00   -8.7023E-07    0.0000E+00
   657    3.0391E-07    0.0000E+00    1.7655E-07    0.0000E+00
   658   -2.0042E-07    0.0000E+00    1.0869E-06    0.0000E+00
   659   -3.2869E-07    0.0000E+00   -2.1994E-06    0.0000E+00
   660   -1.2229E-07    0.0000E+00   -1.5146E-06    0.0000E+00
   661    3.5814E-07    0.0000E+00   -5.0914E-07    0.0000E+00
   662   -1.5015E-08    0.0000E+00    2.3389E-06    0.0000E+00
   663    4.8817E-07    0.0000E+00    7.2503E-06    0.0000E+00
   664    1.5975E-07    0.0000E+00   -4.4744E-06    0.0000E+00
   665    1.3430E-06    0.0000E+00    4.8883E-06    0.0000E+00
   666   -5.8877E-07    0.0000E+00    8.2716E-06    0.0000E+00
   667   -9.3984E-07    0.0000E+00   -8.5592E-06    0.0000E+00
   668    1.8435E-07    0.0000E+00   -1.4920E-05    0.0000E+00
   669   -1.9609E-07    0.0000E+00   -7.8298E-06    0.0000E+00
   670   -3.3263E-07    0.0000E+00    4.8506E-06    0.0000E+00
   671    2.0421E-07    0.0000E+00    5.4031E-06    0.0000E+00
   672   -1.2576E-07    0.0000E+00   -1.0929E-06    0.0000E+00
   673   -2.2569E-07    0.0000E+00   -6.6982E-07    0.0000E+00
   674    9.0806E-07    0.0000E+00   -3.6812E-07    0.0000E+00
   675    7.1465E-07    0.0000E+00    6.8148E-07    0.0000E+00
   676   -8.8782E-08    0.0000E+00    1.4433E-06    0.0000E+00
   677    4.7787E-07    0.0000E+00    3.3254E-07    0.0000E+00
   678    1.0103E-06    0.0000E+00    8.2225E-07    0.0000E+00
   679    1.7089E-06    0.0000E+00    1.1655E-06    0.0000E+00
   680    7.1503E-07    0.0000E+00   -4.6264E-07    0.0000E+00
   681   -1.8180E-06    0.0000E+00   -1.2530E-06    0.0000E+00
   682    1.2372E-06    0.0000E+00    7.2498E-07    0.0000E+00
   683    5.1479E-06    0.0000E+00    4.4881E-07    0.0000E+00
   684   -1.1905E-06    0.0000E+00   -8.7349E-07    0.0000E+00
   685   -9.1189E-07    0.0000E+00   -9.5795E-10    0.0000E+00
   686    1.1629E-06    0.0000E+00   -3.7884E-07    0.0000E+00
   687    1.1311E-06    0.0000E+00    1.8773E-06    0.0000E+00
   688    2.2008E-06    0.0000E+00   -1.6979E-06    0.0000E+00
   689    7.0922E-06    0.0000E+00    7.9514E-06    0.0000E+00
   690   -1.2292E-05    0.0000E+00   -7.4803E-06    0.0000E+00
   691    1.0293E-05    0.0000E+00   -1.3704E-05    0.0000E+00
   692   -7.4855E-06    0.0000E+00    2.7998E-07    0.0000E+00
   693   -5.0650E-06    0.0000E+00    9.2840E-06    0.0000E+00
   694    5.3816E-06    0.0000E+00    5.5366E-06    0.0000E+00
   695    8.7958E-06    0.0000E+00    1.3030E-07    0.0000E+00
   696    3.3569E-06    0.0000E+00   -1.4287E-06    0.0000E+00
   697   -2.6497E-06    0.0000E+00    8.3309E-07    0.0000E+00
   698    2.5479E-06    0.0000E+00    1.5325E-06    0.0000E+00
   699    4.6943E-06    0.0000E+00    9.5925E-07    0.0000E+00
   700    4.0901E-07    0.0000E+00    7.5971E-07    0.0000E+00
   701   -7.4552E-07    0.0000E+00   -2.8124E-07    0.0000E+00
   702    1.6723E-06    0.0000E+00   -2.2108E-07    0.0000E+00
   703    2.4718E-06    0.0000E+00    4.5219E-07    0.0000E+00
   704    1.1975E-06    0.0000E+00    4.7510E-07    0.0000E+00
   705    1.3504E-07    0.0000E+00   -3.0488E-08    0.0000E+00
   706    1.3154E-07    0.0000E+00    2.0384E-07    0.0000E+00
   707    9.0471E-07    0.0000E+00    3.1071E-08    0.0000E+00
   708    8.7895E-07    0.0000E+00    4.4287E-07    0.0000E+00
   709    3.3133E-07    0.0000E+00    1.0002E-06    0.0000E+00
   710    4.3356E-07    0.0000E+00    8.8970E-07    0.0000E+00
   711    2.6580E-07    0.0000E+00    1.0323E-06    0.0000E+00
   712   -2.1491E-07    0.0000E+00   -8.3152E-07    0.0000E+00
   713   -1.6651E-07    0.0000E+00   -9.6077E-07    0.0000E+00
   714    4.3855E-07    0.0000E+00    1.5896E-06    0.0000E+00
   715   -6.9526E-07    0.0000E+00    1.0866E-07    0.0000E+00
   716    1.6111E-06    0.0000E+00   -8.2766E-07    0.0000E+00
   717    1.3787E-06    0.0000E+00    1.4699E-05    0.0000E+00
   718   -6.4133E-07    0.0000E+00    4.0508E-06    0.0000E+00
   719   -1.6701E-07    0.0000E+00   -1.6987E-06    0.0000E+00
   720    1.2056E-06    0.0000E+00   -2.1171E-06    0.0000E+00
   721    1.3195E-06    0.0000E+00    3.7714E-06    0.0000E+00
   722    6.1301E-07    0.0000E+00    1.9853E-06    0.0000E+00
   723    1.9136E-07    0.0000E+00   -1.9449E-06    0.0000E+00
   724   -4.5746E-07    0.0000E+00   -1.6408E-06    0.0000E+00
   725    8.0043E-08    0.0000E+00    6.9062E-07    0.0000E+00
   726    7.4835E-07    0.0000E+00    1.4745E-06    0.0000E+00
   727   -2.6657E-07    0.0000E+00   -1.2130E-07    0.0000E+00
   728   -1.3249E-07    0.0000E+00   -2.4505E-08    0.0000E+00
   729    6.7733E-07    0.0000E+00    1.6794E-06    0.0000E+00
   730    1.1345E-07    0.0000E+00    5.2206E-08    0.0000E+00
   731    5.1951E-07    0.0000E+00   -1.9466E-06    0.0000E+00
   732    6.4384E-07    0.0000E+00    1.1522E-06    0.0000E+00
   733   -2.3194E-06    0.0000E+00    4.8364E-07    0.0000E+00
   734    4.0969E-06    0.0000E+00    1.0429E-06    0.0000E+00
   735    4.8067E-07    0.0000E+00   -1.0569E-06    0.0000E+00
   736   -1.5031E-06    0.0000E+00    2.1709E-08    0.0000E+00
   737    1.4757E-06    0.0000E+00    8.9340E-08    0.0000E+00
   738   -4.3257E-06    0.0000E+00   -9.1770E-07    0.0000E+00
   739   -7.7609E-06    0.0000E+00   -8.7022E-07    0.0000E+00
   740    1.1466E-05    0.0000E+00    9.1469E-06    0.0000E+00
   741    1.1987E-05    0.0000E+00    1.6619E-05    0.0000E+00
   742   -4.0676E-06    0.0000E+00    4.4246E-06    0.0000E+00
   743   -1.0270E-05    0.0000E+00   -1.9120E-07    0.0000E+00
   744   -3.7026E-06    0.0000E+00    5.2140E-06    0.0000E+00
   745    1.5129E-06    0.0000E+00    7.7294E-06    0.0000E+00
   746   -1.4548E-07    0.0000E+00    2.4331E-06    0.0000E+00
   747    1.0594E-06    0.0000E+00   -4.1876E-07    0.0000E+00
   748   -1.0921E-06    0.0000E+00    1.8667E-06    0.0000E+00
   749   -1.5108E-06    0.0000E+00    1.6511E-06    0.0000E+00
   750    1.2961E-06    0.0000E+00    2.3374E-07    0.0000E+00
   751    1.1084E-06    0.0000E+00   -2.4312E-08    0.0000E+00
   752   -5.0716E-07    0.0000E+00    6.3512E-07    0.0000E+00
   753   -3.4750E-07    0.0000E+00    1.1751E-06    0.0000E+00
   754    4.9385E-07    0.0000E+00   -4.5211E-07    0.0000E+00
   755    8.9269E-07    0.0000E+00    2.1799E-07    0.0000E+00
   756    4.5683E-07    0.0000E+00    2.3089E-06    0.0000E+00
   757   -5.4815E-07    0.0000E+00   -1.7841E-06    0.0000E+00
   758    5.0842E-08    0.0000E+00   -6.3936E-07    0.0000E+00
   759    5.3366E-07    0.0000E+00    6.4726E-07    0.0000E+00
   760   -1.5168E-07    0.0000E+00    1.5820E-06    0.0000E+00
   761   -2.8769E-08    0.0000E+00   -1.0593E-06    0.0000E+00
   762   -1.2641E-08    0.0000E+00   -1.0499E-06    0.0000E+00
   763   -2.1776E-07    0.0000E+00    8.2931E-07    0.0000E+00
   764   -5.1031E-07    0.0000E+00   -1.0943E-06    0.0000E+00
   765   -2.7830E-07    0.0000E+00   -4.1060E-06    0.0000E+00
   766    3.2010E-08    0.0000E+00    2.2538E-06    0.0000E+00
   767   -8.7209E-08    0.0000E+00    1.5017E-06    0.0000E+00
   768    3.1807E-07    0.0000E+00    3.7550E-06    0.0000E+00
   769    4.2270E-07    0.0000E+00    2.5788E-06    0.0000E+00
   770   -3.7009E-07    0.0000E+00    5.8555E-07    0.0000E+00
   771   -1.0594E-07    0.0000E+00    5.6337E-07    0.0000E+00
   772    3.3115E-07    0.0000E+00   -4.8674E-07    0.0000E+00
   773   -1.7175E-07    0.0000E+00    2.6852E-07    0.0000E+00
   774   -2.0925E-07    0.0000E+00    3.1776E-07    0.0000E+00
   775    3.9651E-08    0.0000E+00    1.7806E-07    0.0000E+00
   776    8.7654E-08    0.0000E+00    8.2149E-07    0.0000E+00
   777    5.4831E-07    0.0000E+00    1.1821E-06    0.0000E+00
   778   -3.4921E-07    0.0000E+00    1.4991E-06    0.0000E+00
   779   -1.0851E-06    0.0000E+00    1.1168E-06    0.0000E+00
   780    5.9473E-07    0.0000E+00    2.1757E-07    0.0000E+00
   781    1.6373E-06    0.0000E+00    7.3713E-07    0.0000E+00
   782   -2.7564E-06    0.0000E+00    1.5894E-07    0.0000E+00
   783    6.3033E-08    0.0000E+00    1.6976E-07    0.0000E+00
   784    1.3728E-07    0.0000E+00    2.3770E-06    0.0000E+00
   785    6.5776E-07    0.0000E+00   -3.9096E-07    0.0000E+00
   786    1.4592E-06    0.0000E+00    2.5732E-06    0.0000E+00
   787   -2.3439E-06    0.0000E+00   -3.1254E-06    0.0000E+00
   788   -2.1423E-06    0.0000E+00   -3.6923E-06    0.0000E+00
   789    5.8989E-06    0.0000E+00   -2.9883E-06    0.0000E+00
   790   -1.7452E-05    0.0000E+00    3.6807E-06    0.0000E+00
   791   -8.9194E-06    0.0000E+00    2.8267E-06    0.0000E+00
   792    9.0232E-07    0.0000E+00    2.1500E-06    0.0000E+00
   793    3.3719E-07    0.0000E+00    1.1534E-06    0.0000E+00
   794   -3.2057E-06    0.0000E+00    1.0317E-06    0.0000E+00
   795   -4.2587E-06    0.0000E+00    1.0261E-06    0.0000E+00
   796    1.2208E-06    0.0000E+00    7.5168E-07    0.0000E+00
   797    5.3721E-07    0.0000E+00   -3.2071E-08    0.0000E+00
   798   -1.7240E-06    0.0000E+00   -3.9941E-07    0.0000E+00
   799   -9.4189E-07    0.0000E+00    2.9135E-07    0.0000E+00
   800    2.7528E-07    0.0000E+00    4.0298E-07    0.0000E+00
   801    1.1530E-07    0.0000E+00    4.8073E-07    0.0000E+00
   802   -4.8999E-07    0.0000E+00    1.0664E-07    0.0000E+00
   803   -6.7928E-07    0.0000E+00   -5.7269E-07    0.0000E+00
   804   -4.6578E-07    0.0000E+00    1.3840E-07    0.0000E+00
   805    1.4045E-07    0.0000E+00    1.4435E-06    0.0000E+00
   806    7.6875E-08    0.0000E+00   -1.0482E-06    0.0000E+00
   807   -2.6587E-07    0.0000E+00    1.3852E-06    0.0000E+00
   808   -1.6269E-07    0.0000E+00   -6.4795E-07    0.0000E+00
   809    6.8075E-08    0.0000E+00    1.3005E-06    0.0000E+00
   810    4.1428E-08    0.0000E+00    3.0195E-07    0.0000E+00
   811   -3.3608E-08    0.0000E+00    9.6477E-07    0.0000E+00
   812    6.6905E-07    0.0000E+00   -2.8219E-06    0.0000E+00
   813   -8.8169E-07    0.0000E+00    7.6921E-06    0.0000E+00
   814    1.2015E-06    0.0000E+00   -4.9995E-06    0.0000E+00
   815   -1.2802E-06    0.0000E+00    2.9696E-06    0.0000E+00
   816   -1.2370E-06    0.0000E+00   -2.2440E-06    0.0000E+00
   817    5.3105E-07    0.0000E+00   -5.1200E-06    0.0000E+00
   818   -5.8397E-08    0.0000E+00   -1.5739E-06    0.0000E+00
   819   -6.7915E-07    0.0000E+00    2.3952E-06    0.0000E+00
   820   -9.6862E-07    0.0000E+00    2.9342E-06    0.0000E+00
   821   -5.6242E-07    0.0000E+00   -3.2172E-07    0.0000E+00
   822   -6.8697E-08    0.0000E+00    2.9953E-07    0.0000E+00
   823    2.8576E-07    0.0000E+00    1.1825E-07    0.0000E+00
   824   -1.1450E-07    0.0000E+00   -2.5373E-07    0.0000E+00
   825   -5.1951E-07    0.0000E+00    2.7481E-07    0.0000E+00
   826   -3.7245E-07    0.0000E+00    5.9400E-07    0.0000E+00
   827   -2.4193E-07    0.0000E+00    3.8817E-07    0.0000E+00
   828    9.3304E-08    0.0000E+00    9.0486E-07    0.0000E+00
   829   -3.1464E-07    0.0000E+00   -1.7250E-07    0.0000E+00
   830   -1.3902E-06    0.0000E+00   -4.1722E-07    0.0000E+00
   831    2.0489E-07    0.0000E+00    3.4596E-07    0.0000E+00
   832    9.2825E-07    0.0000E+00   -3.4074E-07    0.0000E+00
   833   -1.0132E-06    0.0000E+00    1.0405E-07    0.0000E+00
   834   -1.9150E-06    0.0000E+00   -1.6654E-07    0.0000E+00
   835    2.1545E-06    0.0000E+00    1.2746E-08    0.0000E+00
   836   -4.1944E-06    0.0000E+00    3.4690E-07    0.0000E+00
   837    4.5838E-06    0.0000E+00   -4.0245E-08    0.0000E+00
   838    4.6508E-06    0.0000E+00   -1.1662E-06    0.0000E+00
   839    1.4154E-06    0.0000E+00   -1.7787E-06    0.0000E+00
   840   -3.4338E-06    0.0000E+00    9.7619E-07    0.0000E+00
   841   -4.0767E-06    0.0000E+00    1.0929E-06    0.0000E+00
   842   -2.1267E-06    0.0000E+00   -9.0380E-08    0.0000E+00
   843   -3.4734E-06    0.0000E+00   -1.5985E-07    0.0000E+00
   844   -2.0273E-06    0.0000E+00   -1.4593E-07    0.0000E+00
   845   -1.4876E-06    0.0000E+00   -4.0311E-07    0.0000E+00
   846   -1.9358E-06    0.0000E+00    1.0031E-07    0.0000E+00
   847   -5.5819E-08    0.0000E+00    1.3432E-08    0.0000E+00
   848    7.1647E-07    0.0000E+00   -2.9672E-07    0.0000E+00
   849   -4.4592E-07    0.0000E+00    1.0833E-07    0.0000E+00
   850   -7.4877E-07    0.0000E+00    4.1153E-07    0.0000E+00
   851   -1.8632E-07    0.0000E+00   -2.1723E-07    0.0000E+00
   852    8.0337E-08    0.0000E+00   -2.2541E-07    0.0000E+00
   853    1.9915E-07    0.0000E+00   -2.3930E-08    0.0000E+00
   854   -3.7731E-07    0.0000E+00    4.3031E-07    0.0000E+00
   855   -5.8341E-07    0.0000E+00   -7.6613E-07    0.0000E+00
   856    3.4059E-07    0.0000E+00   -7.8819E-08    0.0000E+00
   857    1.2551E-07    0.0000E+00   -5.8188E-07    0.0000E+00
   858   -3.8142E-07    0.0000E+00    7.8815E-07    0.0000E+00
