800 50 4 
1.517000 0.000000 0.000000 
1.378267 1.570796 0.249000 
1.376795 -3.141593 -0.116841 
1.459382 -1.570796 -0.193699 
1.464546 0.000000 0.186397 
1.377016 1.570796 0.126304 
1.377750 3.141593 -0.242958 
1.515857 -1.570796 -0.017116 
1.382992 0.000000 0.248555 
1.378359 1.570796 -0.094260 
1.448853 -3.141593 -0.202606 
1.475254 -1.570796 0.164100 
1.379658 -0.000000 0.143529 
1.380189 1.570796 -0.217381 
1.508484 -3.141593 -0.063469 
1.401132 -1.570796 0.239314 
1.380601 0.000000 -0.026284 
1.419610 1.570796 -0.225783 
1.498095 -3.141593 0.102409 
1.382497 -1.570796 0.189085 
1.382175 0.000000 -0.162402 
1.485961 1.570796 -0.137183 
1.436661 -3.141593 0.211829 
1.379874 -1.570796 0.066822 
1.389831 -0.000000 -0.245026 
1.513401 1.570796 0.034488 
1.378966 -3.141593 0.233510 
1.378217 -1.570796 -0.131071 
1.467879 0.000000 -0.178949 
1.456446 1.570796 0.195344 
1.377668 -3.141593 0.110018 
1.380056 -1.570796 -0.247118 
1.516316 0.000000 0.002185 
1.379390 1.570796 0.246407 
1.377485 -3.141593 -0.114114 
1.458454 -1.570796 -0.193282 
1.465826 0.000000 0.182755 
1.377832 1.570796 0.127657 
1.378690 -3.141593 -0.237650 
1.514496 -1.570796 -0.026089 
1.386815 0.000000 0.246281 
1.379382 1.570796 -0.078935 
1.442051 -3.141593 -0.207527 
1.481491 -1.570796 0.148672 
1.381350 0.000000 0.154033 
1.381835 1.570796 -0.200340 
1.502488 -3.141593 -0.087527 
1.412365 -1.570796 0.231380 
1.380715 -0.000000 0.007084 
1.407383 1.570796 -0.235048 
1.505268 -3.141593 0.077101 
1.381164 -1.570796 0.207980 
1.380634 0.000000 -0.149129 
1.478661 1.570796 -0.155795 
1.445232 -3.141593 0.205174 
1.378955 -1.570796 0.086104 
1.385023 0.000000 -0.247272 
1.515138 1.570796 0.021691 
1.378318 -3.141593 0.240135 
1.377486 -1.570796 -0.126665 
1.465064 0.000000 -0.184608 
1.459084 1.570796 0.193113 
1.377215 -3.141593 0.115692 
1.378896 -1.570796 -0.247198 
1.516554 0.000000 -0.002120 
1.379541 1.570796 0.247887 
1.377402 3.141593 -0.111716 
1.457134 -1.570796 -0.195114 
1.467079 0.000000 0.180914 
1.377864 1.570796 0.130000 
1.378582 -3.141593 -0.236109 
1.514113 -1.570796 -0.030084 
1.387985 0.000000 0.246097 
1.379542 1.570796 -0.073872 
1.439731 3.141593 -0.209544 
1.483435 -1.570796 0.143975 
1.381653 0.000000 0.157683 
1.382067 1.570796 -0.195788 
1.500737 -3.141593 -0.093926 
1.415328 -1.570796 0.229268 
1.380636 0.000000 0.015241 
1.404609 1.570796 -0.237162 
1.506735 -3.141593 0.071509 
1.380632 -1.570796 0.212220 
1.380128 0.000000 -0.147118 
1.477359 1.570796 -0.159352 
1.446586 -3.141593 0.204512 
1.378616 -1.570796 0.089366 
1.384075 0.000000 -0.248368 
1.515540 1.570796 0.020791 
1.377685 3.141593 0.241549 
1.377070 -1.570796 -0.128262 
1.465620 0.000000 -0.184793 
1.458280 1.570796 0.195173 
1.376758 -3.141593 0.114806 
1.378425 -1.570796 -0.250123 
1.517164 -0.000000 0.003497 
1.377372 1.570796 0.248993 
1.376406 -3.141593 -0.121363 
1.461494 -1.570796 -0.191870 
1.462200 0.000000 0.190879 
1.376434 1.570796 0.122654 
1.377298 -3.141593 -0.248175 
1.517020 -1.570796 -0.005872 
1.379070 0.000000 0.250075 
1.377010 1.570796 -0.111646 
1.456803 3.141593 -0.196426 
1.467201 -1.570796 0.181654 
1.377466 0.000000 0.130743 
1.378034 1.570796 -0.237877 
1.514609 -3.141593 -0.028142 
1.386774 -1.570796 0.247183 
1.379225 0.000000 -0.078195 
1.441556 1.570796 -0.208431 
1.481843 -3.141593 0.148417 
1.381168 -1.570796 0.154941 
1.381606 0.000000 -0.200592 
1.502542 1.570796 -0.087999 
1.412255 -3.141593 0.231807 
1.380608 -1.570796 0.007076 
1.407276 0.000000 -0.235489 
1.505324 1.570796 0.077645 
1.380913 3.141593 0.208226 
1.380444 -1.570796 -0.150148 
1.479067 0.000000 -0.155502 
1.444677 1.570796 0.206201 
1.378778 -3.141593 0.085284 
1.384958 -1.570796 -0.248348 
1.515286 0.000000 0.024115 
1.377530 1.570796 0.240420 
1.377051 -3.141593 -0.130369 
1.466721 -1.570796 -0.183290 
1.457098 -0.000000 0.196889 
1.376651 1.570796 0.112719 
1.378516 -3.141593 -0.251617 
1.517387 -1.570796 0.007720 
1.376201 0.000000 0.249127 
1.375830 1.570796 -0.127187 
1.464188 -3.141593 -0.189591 
1.459084 -1.570796 0.196696 
1.375650 0.000000 0.117863 
1.376776 1.570796 -0.254929 
1.518282 -3.141593 0.009763 
1.373892 -1.570796 0.251804 
1.374409 0.000000 -0.136124 
1.468012 1.570796 -0.187457 
1.454108 -3.141593 0.206430 
1.374075 -1.570796 0.110735 
1.375847 -0.000000 -0.266783 
1.519697 1.570796 0.039512 
1.364706 -3.141593 0.254201 
1.366853 -1.570796 -0.182532 
1.488657 0.000000 -0.167815 
1.423951 1.570796 0.249777 
1.370302 -3.141593 0.056725 
1.385563 -1.570796 -0.291653 
1.506345 0.000000 0.153931 
1.350922 1.570796 0.228635 
1.351845 -3.141593 -0.279147 
1.526748 -1.570796 -0.013211 
1.355204 0.000000 0.283033 
1.355771 1.570796 -0.209302 
1.497954 -3.141593 -0.169839 
1.399461 -1.570796 0.281674 
1.369392 0.000000 -0.005747 
1.403169 1.570796 -0.277119 
1.496941 -3.141593 0.168652 
1.357525 -1.570796 0.206040 
1.356337 0.000000 -0.277671 
1.525822 1.570796 -0.000778 
1.356539 3.141593 0.277902 
1.357798 -1.570796 -0.204803 
1.496394 0.000000 -0.169524 
1.404086 1.570796 0.276347 
1.369292 -3.141593 0.008551 
1.398588 -1.570796 -0.283141 
1.497831 0.000000 0.171475 
1.355205 1.570796 0.209510 
1.354952 -3.141593 -0.286101 
1.527064 -1.570796 0.023041 
1.349175 -0.000000 0.279324 
1.346843 1.570796 -0.241194 
1.511494 -3.141593 -0.142795 
1.376473 -1.570796 0.297634 
1.369169 0.000000 -0.096886 
1.443049 1.570796 -0.230673 
1.473458 -3.141593 0.192344 
1.368553 -1.570796 0.152913 
1.366561 0.000000 -0.273740 
1.523035 1.570796 0.025611 
1.359664 3.141593 0.265880 
1.361627 -1.570796 -0.197538 
1.494188 -0.000000 -0.166568 
1.411715 1.570796 0.266068 
1.369592 -3.141593 0.029030 
1.392753 -1.570796 -0.288713 
1.500336 0.000000 0.169337 
1.352941 1.570796 0.215877 
1.353674 -3.141593 -0.289230 
1.527567 -1.570796 0.029414 
1.346423 0.000000 0.280593 
1.342601 1.570796 -0.252571 
1.516026 3.141593 -0.131337 
1.368375 -1.570796 0.302407 
1.365609 0.000000 -0.138274 
1.463436 1.570796 -0.213374 
1.450014 -3.141593 0.229422 
1.366085 -1.570796 0.113716 
1.375468 0.000000 -0.310818 
1.500021 1.570796 0.187825 
1.345219 -3.141593 0.220705 
1.365684 -1.570796 -0.333258 
1.492455 -0.000000 0.218185 
1.340863 1.570796 0.208893 
