           2  -1.5803659546525191     
           3  -1.6032843747608545     
           4  -1.6192267098780699     
           5  -1.6322826320568464     
           6  -1.6436558708814948     
           7  -1.6538815292098112     
           8  -1.6632660986077499     
           9  -1.6720009624498187     
          10  -1.6802135207750377     
          11  -1.6879929008992791     
          12  -1.6954067951756182     
          13  -1.7025070873097008     
          14  -1.7093351571247783     
          15  -1.7159243952567429     
          16  -1.7223017508202587     
          17  -1.7284900732450266     
          18  -1.7345085891482885     
          19  -1.7403734101140826     
          20  -1.7460986546996911     
          21  -1.7516960115389044     
          22  -1.7571758345857278     
          23  -1.7625475007566493     
          24  -1.7678187961329654     
          25  -1.7729968945016519     
          26  -1.7780881280536562     
          27  -1.7830977861680084     
          28  -1.7880311612262507     
          29  -1.7928927207231795     
          30  -1.7976864807771800     
          31  -1.8024163877596944     
          32  -1.8070855540389952     
          33  -1.8116973089551374     
          34  -1.8162545781620947     
          35  -1.8207599770759084     
          36  -1.8252161285206274     
          37  -1.8296251132412049     
          38  -1.8339891449282120     
          39  -1.8383104099044163     
          40  -1.8425905362509305     
          41  -1.8468314063663420     
          42  -1.8510346499633950     
          43  -1.8552017926867310     
          44  -1.8593343308584638     
          45  -1.8634337857460219     
          46  -1.8675013263909908     
          47  -1.8715382215244183     
          48  -1.8755458506684846     
          49  -1.8795252071885979     
          50  -1.8834773762388781     
          51  -1.8874032972107686     
          52  -1.8913038824856230     
          53  -1.8951801084476165     
          54  -1.8990328019211162     
          55  -1.9028628109674133     
          56  -1.9066708369843395     
          57  -1.9104576347552493     
          58  -1.9142239636770835     
          59  -1.9179705033343737     
          60  -1.9216978857553313     
          61  -1.9254070410813349     
          62  -1.9290985845037252     
          63  -1.9327729870256889     
          64  -1.9364306636791473     
          65  -1.9400728311959958     
          66  -1.9436990546818584     
          67  -1.9473102452848894     
          68  -1.9509072982315490     
          69  -1.9544897105545118     
          70  -1.9580592736539193     
          71  -1.9616154655336835     
          72  -1.9651583208460786     
          73  -1.9686901866197120     
          74  -1.9722089576234454     
          75  -1.9757169391692724     
          76  -1.9792147400390585     
          77  -1.9827005408637011     
          78  -1.9861781144090371     
          79  -1.9896447325623439     
          80  -1.9931012316321310     
          81  -1.9965523696363601     
          82  -1.9999908991711368     
          83  -2.0034230674429359     
          84  -2.0068480948142549     
          85  -2.0102626887111121     
          86  -2.0136758023163597     
          87  -2.0170779764072755     
          88  -2.0204737134845199     
          89  -2.0238697076121555     
          90  -2.0272522407947440     
          91  -2.0306347740118951     
          92  -2.0340111514118915     
          93  -2.0373769151443120     
          94  -2.0407495643285096     
          95  -2.0441035201563151     
          96  -2.0474519509319720     
          97  -2.0507981600801557     
          98  -2.0541157780461408     
          99  -2.0574284094922031     
         100  -2.0607081995106364     
         101  -2.0639479462339816     
