  VMEC2000 V8.51
     MN       GMNC         GMNS           BMNC          BMNS
     1   -8.9859E-03    0.0000E+00    9.3915E-01    0.0000E+00
     2   -1.6023E-03    0.0000E+00    1.4841E-03    0.0000E+00
     3    1.4671E-04    0.0000E+00   -3.4190E-03    0.0000E+00
     4    5.0853E-05    0.0000E+00   -1.6239E-03    0.0000E+00
     5    1.1113E-05    0.0000E+00    1.3960E-03    0.0000E+00
     6   -1.0293E-05    0.0000E+00   -1.4494E-03    0.0000E+00
     7    1.1548E-05    0.0000E+00    1.4068E-03    0.0000E+00
     8   -3.3948E-06    0.0000E+00   -2.1477E-04    0.0000E+00
     9    1.2419E-07    0.0000E+00   -1.5516E-04    0.0000E+00
    10   -2.2963E-06    0.0000E+00    8.1282E-05    0.0000E+00
    11    5.1668E-06    0.0000E+00    1.4807E-05    0.0000E+00
    12    5.6577E-06    0.0000E+00    3.5054E-04    0.0000E+00
    13   -3.5820E-06    0.0000E+00   -1.6953E-04    0.0000E+00
    14   -2.1478E-06    0.0000E+00   -1.4169E-04    0.0000E+00
    15    2.9430E-06    0.0000E+00    2.2754E-04    0.0000E+00
    16    2.5686E-06    0.0000E+00    1.0428E-04    0.0000E+00
    17    8.3134E-07    0.0000E+00    1.1857E-04    0.0000E+00
    18    6.7454E-08    0.0000E+00    7.4254E-05    0.0000E+00
    19   -8.6157E-08    0.0000E+00   -2.5128E-05    0.0000E+00
    20   -1.1839E-07    0.0000E+00   -1.2771E-04    0.0000E+00
    21   -8.6449E-08    0.0000E+00   -5.4373E-05    0.0000E+00
    22   -1.0741E-08    0.0000E+00    1.2662E-04    0.0000E+00
    23    6.7061E-08    0.0000E+00    8.8629E-06    0.0000E+00
    24   -1.3619E-07    0.0000E+00   -1.3097E-04    0.0000E+00
    25    1.4846E-06    0.0000E+00   -1.2147E-04    0.0000E+00
    26   -5.4174E-06    0.0000E+00    1.6573E-04    0.0000E+00
    27    7.1293E-06    0.0000E+00   -1.7035E-04    0.0000E+00
    28    7.9259E-07    0.0000E+00   -3.5646E-05    0.0000E+00
    29   -2.6943E-06    0.0000E+00    1.4965E-05    0.0000E+00
    30   -1.1959E-05    0.0000E+00    5.5055E-06    0.0000E+00
    31    6.7654E-06    0.0000E+00   -1.1290E-06    0.0000E+00
    32    2.4112E-05    0.0000E+00    6.3709E-07    0.0000E+00
    33   -4.2572E-06    0.0000E+00    1.3071E-05    0.0000E+00
    34   -5.3894E-06    0.0000E+00    2.1703E-05    0.0000E+00
    35    5.9974E-06    0.0000E+00   -2.3702E-05    0.0000E+00
    36    1.1604E-05    0.0000E+00   -3.4161E-04    0.0000E+00
    37   -6.3128E-06    0.0000E+00   -1.0823E-03    0.0000E+00
    38   -2.8019E-05    0.0000E+00   -1.1581E-03    0.0000E+00
    39   -1.2213E-05    0.0000E+00    2.5943E-04    0.0000E+00
    40    1.5965E-05    0.0000E+00    9.9209E-04    0.0000E+00
    41    1.3869E-05    0.0000E+00   -2.8504E-04    0.0000E+00
    42   -1.1602E-05    0.0000E+00   -1.7666E-04    0.0000E+00
    43    5.6345E-05    0.0000E+00   -1.7373E-04    0.0000E+00
    44   -1.9435E-05    0.0000E+00   -2.9959E-04    0.0000E+00
    45   -3.3896E-05    0.0000E+00    8.6127E-04    0.0000E+00
    46   -9.7371E-06    0.0000E+00   -8.0565E-04    0.0000E+00
    47    4.7489E-05    0.0000E+00    1.0623E-03    0.0000E+00
    48    4.7561E-05    0.0000E+00   -1.4732E-04    0.0000E+00
    49    3.9027E-04    0.0000E+00    9.5035E-04    0.0000E+00
    50    1.1292E-04    0.0000E+00    1.3083E-02    0.0000E+00
    51   -6.1609E-04    0.0000E+00   -9.0598E-02    0.0000E+00
    52   -1.9422E-04    0.0000E+00   -1.2201E-02    0.0000E+00
    53   -2.5816E-05    0.0000E+00   -4.1304E-04    0.0000E+00
    54    1.2398E-05    0.0000E+00   -5.7588E-04    0.0000E+00
    55    3.2809E-05    0.0000E+00   -1.0628E-03    0.0000E+00
    56   -2.9910E-05    0.0000E+00    8.5706E-05    0.0000E+00
    57   -6.5248E-06    0.0000E+00    3.9306E-05    0.0000E+00
    58    1.7142E-05    0.0000E+00   -1.3755E-04    0.0000E+00
    59   -1.7306E-05    0.0000E+00    2.9494E-04    0.0000E+00
    60   -1.4144E-05    0.0000E+00   -4.3323E-04    0.0000E+00
    61    1.5024E-05    0.0000E+00    2.6769E-04    0.0000E+00
    62    6.1095E-06    0.0000E+00   -5.3781E-05    0.0000E+00
    63   -8.0804E-06    0.0000E+00    3.3845E-05    0.0000E+00
    64    2.4144E-06    0.0000E+00    4.1614E-04    0.0000E+00
    65    5.3146E-06    0.0000E+00    2.9192E-04    0.0000E+00
    66    1.4736E-05    0.0000E+00    7.0262E-05    0.0000E+00
    67   -1.1441E-05    0.0000E+00   -1.1034E-05    0.0000E+00
    68   -1.2224E-05    0.0000E+00   -1.8936E-05    0.0000E+00
    69    1.1965E-05    0.0000E+00   -4.7421E-06    0.0000E+00
    70    2.7206E-06    0.0000E+00    2.1076E-05    0.0000E+00
    71   -4.6908E-07    0.0000E+00   -2.4128E-06    0.0000E+00
    72   -1.0331E-05    0.0000E+00   -8.6685E-05    0.0000E+00
    73   -1.7404E-06    0.0000E+00    3.4335E-05    0.0000E+00
    74    6.3405E-06    0.0000E+00    2.0756E-04    0.0000E+00
    75   -8.1739E-07    0.0000E+00   -2.1262E-04    0.0000E+00
    76   -8.8867E-07    0.0000E+00    8.9819E-05    0.0000E+00
    77    1.1395E-07    0.0000E+00    1.0199E-04    0.0000E+00
    78    4.1576E-08    0.0000E+00    2.7495E-05    0.0000E+00
    79    1.7437E-06    0.0000E+00    3.6191E-06    0.0000E+00
    80    1.9794E-06    0.0000E+00   -8.0391E-05    0.0000E+00
    81   -4.7824E-06    0.0000E+00    1.5491E-06    0.0000E+00
    82   -3.4012E-06    0.0000E+00    1.3400E-04    0.0000E+00
    83    2.8620E-06    0.0000E+00    5.8320E-06    0.0000E+00
    84    1.0585E-06    0.0000E+00   -2.5078E-05    0.0000E+00
    85   -2.3949E-06    0.0000E+00   -1.5372E-04    0.0000E+00
    86   -7.1563E-06    0.0000E+00   -6.3051E-04    0.0000E+00
    87   -9.5101E-06    0.0000E+00   -1.3026E-03    0.0000E+00
    88   -5.3043E-06    0.0000E+00   -8.6803E-04    0.0000E+00
    89    2.5570E-06    0.0000E+00    7.7300E-04    0.0000E+00
    90    6.0205E-06    0.0000E+00    1.0321E-03    0.0000E+00
    91   -3.4433E-06    0.0000E+00   -1.0050E-03    0.0000E+00
    92   -7.9340E-06    0.0000E+00    2.0512E-04    0.0000E+00
    93   -1.1395E-05    0.0000E+00   -2.2622E-04    0.0000E+00
    94    1.2754E-05    0.0000E+00   -3.5067E-05    0.0000E+00
    95    6.7086E-06    0.0000E+00    1.1182E-04    0.0000E+00
    96   -1.1414E-06    0.0000E+00   -7.0605E-04    0.0000E+00
    97   -1.8340E-05    0.0000E+00    3.2400E-04    0.0000E+00
    98   -3.6298E-05    0.0000E+00    8.6785E-04    0.0000E+00
    99   -1.0414E-04    0.0000E+00    1.5084E-03    0.0000E+00
   100   -2.0834E-04    0.0000E+00   -9.8195E-04    0.0000E+00
   101    7.5092E-05    0.0000E+00    3.3557E-03    0.0000E+00
   102    2.9784E-05    0.0000E+00    1.8448E-04    0.0000E+00
   103   -2.2373E-06    0.0000E+00    1.0651E-04    0.0000E+00
   104   -9.2077E-06    0.0000E+00    3.3790E-04    0.0000E+00
   105   -2.0616E-07    0.0000E+00    2.9238E-04    0.0000E+00
   106    1.1695E-05    0.0000E+00    1.9561E-04    0.0000E+00
   107   -5.7776E-06    0.0000E+00   -2.8471E-04    0.0000E+00
   108    8.5250E-07    0.0000E+00    2.9239E-04    0.0000E+00
   109    1.1472E-06    0.0000E+00   -4.2496E-04    0.0000E+00
   110    2.5517E-06    0.0000E+00    1.2457E-04    0.0000E+00
   111   -2.6388E-06    0.0000E+00    6.7065E-05    0.0000E+00
   112   -2.5468E-07    0.0000E+00    1.6543E-04    0.0000E+00
   113    1.2014E-06    0.0000E+00   -1.1091E-04    0.0000E+00
   114   -2.0925E-06    0.0000E+00   -3.5316E-04    0.0000E+00
   115   -5.6206E-06    0.0000E+00   -3.3367E-04    0.0000E+00
   116   -2.5749E-06    0.0000E+00   -1.4195E-05    0.0000E+00
   117    4.2472E-06    0.0000E+00   -4.8632E-05    0.0000E+00
   118    2.9881E-07    0.0000E+00   -5.8141E-05    0.0000E+00
   119   -2.9241E-06    0.0000E+00    4.8572E-05    0.0000E+00
   120   -7.6397E-07    0.0000E+00    3.2306E-05    0.0000E+00
   121    9.2923E-07    0.0000E+00    4.6793E-05    0.0000E+00
   122    3.6114E-06    0.0000E+00    6.9301E-05    0.0000E+00
   123    6.7418E-08    0.0000E+00   -1.5072E-04    0.0000E+00
   124    6.2638E-07    0.0000E+00   -2.1916E-05    0.0000E+00
   125   -4.2508E-06    0.0000E+00    4.7588E-06    0.0000E+00
   126   -3.1327E-06    0.0000E+00    4.5208E-06    0.0000E+00
   127    3.4948E-08    0.0000E+00    3.6112E-05    0.0000E+00
   128    1.5217E-06    0.0000E+00    1.2999E-05    0.0000E+00
   129   -2.8049E-07    0.0000E+00   -2.1639E-06    0.0000E+00
   130   -6.3818E-07    0.0000E+00    3.7647E-06    0.0000E+00
   131    2.3762E-07    0.0000E+00   -1.4711E-05    0.0000E+00
   132    1.8829E-07    0.0000E+00   -2.3508E-05    0.0000E+00
   133    1.5927E-07    0.0000E+00    3.0928E-05    0.0000E+00
   134   -4.9252E-08    0.0000E+00    3.0229E-05    0.0000E+00
   135    6.0446E-07    0.0000E+00   -9.5961E-05    0.0000E+00
   136   -2.0445E-06    0.0000E+00   -4.5416E-04    0.0000E+00
   137   -5.9129E-06    0.0000E+00   -7.3697E-04    0.0000E+00
   138   -5.8099E-06    0.0000E+00   -2.3605E-04    0.0000E+00
   139    4.2620E-06    0.0000E+00    8.4491E-04    0.0000E+00
   140    4.7640E-06    0.0000E+00    2.0379E-04    0.0000E+00
   141   -5.2355E-06    0.0000E+00   -6.6705E-04    0.0000E+00
   142    2.5240E-06    0.0000E+00    3.6849E-04    0.0000E+00
   143   -5.4646E-06    0.0000E+00   -5.1632E-04    0.0000E+00
   144   -9.0727E-07    0.0000E+00    2.0569E-04    0.0000E+00
   145    1.5463E-05    0.0000E+00   -4.3085E-05    0.0000E+00
   146   -1.7027E-05    0.0000E+00   -4.6230E-05    0.0000E+00
   147    3.5465E-05    0.0000E+00   -1.5585E-04    0.0000E+00
   148    2.3733E-05    0.0000E+00   -1.7851E-03    0.0000E+00
   149   -5.3962E-05    0.0000E+00    7.6951E-04    0.0000E+00
   150   -3.1571E-04    0.0000E+00   -3.6487E-03    0.0000E+00
   151   -4.4539E-05    0.0000E+00    1.9796E-03    0.0000E+00
   152    2.8075E-06    0.0000E+00    5.6760E-04    0.0000E+00
   153   -4.0887E-06    0.0000E+00   -2.4328E-04    0.0000E+00
   154    1.8854E-07    0.0000E+00   -6.5090E-05    0.0000E+00
   155    6.8509E-07    0.0000E+00   -5.5556E-05    0.0000E+00
   156    1.6654E-07    0.0000E+00    4.7264E-05    0.0000E+00
   157   -5.5880E-07    0.0000E+00    2.2269E-05    0.0000E+00
   158    3.5693E-07    0.0000E+00   -2.4256E-05    0.0000E+00
   159   -7.9255E-07    0.0000E+00   -4.0126E-05    0.0000E+00
   160    1.7969E-07    0.0000E+00    1.7069E-04    0.0000E+00
   161   -4.9603E-07    0.0000E+00   -1.3700E-04    0.0000E+00
   162   -5.5197E-07    0.0000E+00   -1.2938E-04    0.0000E+00
   163   -2.2864E-07    0.0000E+00    1.5055E-04    0.0000E+00
   164    4.0033E-07    0.0000E+00    2.5256E-04    0.0000E+00
   165    1.7198E-06    0.0000E+00    1.7177E-04    0.0000E+00
   166    9.0965E-07    0.0000E+00    3.4167E-05    0.0000E+00
   167   -3.7940E-09    0.0000E+00    1.4906E-05    0.0000E+00
   168    5.5711E-08    0.0000E+00    5.1084E-06    0.0000E+00
   169    2.4634E-07    0.0000E+00   -2.5230E-05    0.0000E+00
   170   -3.6493E-07    0.0000E+00   -3.9542E-05    0.0000E+00
   171   -8.5282E-07    0.0000E+00   -5.5794E-05    0.0000E+00
   172   -3.9172E-07    0.0000E+00   -1.1688E-04    0.0000E+00
   173    1.4128E-07    0.0000E+00    1.4312E-04    0.0000E+00
   174    5.4818E-07    0.0000E+00   -1.3054E-05    0.0000E+00
   175    5.7360E-06    0.0000E+00   -1.1730E-04    0.0000E+00
   176    1.7113E-06    0.0000E+00   -2.0195E-05    0.0000E+00
   177   -7.4424E-07    0.0000E+00    2.7972E-06    0.0000E+00
   178   -9.2543E-07    0.0000E+00    1.9305E-05    0.0000E+00
   179   -7.0553E-07    0.0000E+00    2.8754E-06    0.0000E+00
   180    1.6803E-06    0.0000E+00   -9.7452E-06    0.0000E+00
   181    1.4829E-06    0.0000E+00    3.0205E-06    0.0000E+00
   182   -7.5353E-07    0.0000E+00    4.8533E-06    0.0000E+00
   183    1.3818E-07    0.0000E+00    3.8036E-05    0.0000E+00
   184    8.9771E-07    0.0000E+00    4.0404E-05    0.0000E+00
   185    8.4125E-07    0.0000E+00   -1.8310E-05    0.0000E+00
   186   -1.7921E-06    0.0000E+00   -2.2116E-04    0.0000E+00
   187   -5.0996E-06    0.0000E+00   -3.3095E-04    0.0000E+00
   188    1.0188E-06    0.0000E+00    2.9506E-05    0.0000E+00
   189    4.5899E-06    0.0000E+00    4.3707E-04    0.0000E+00
   190   -3.5643E-06    0.0000E+00   -1.7907E-04    0.0000E+00
   191    4.0504E-06    0.0000E+00   -1.5133E-04    0.0000E+00
   192    7.8519E-06    0.0000E+00    1.3404E-04    0.0000E+00
   193   -9.3253E-06    0.0000E+00   -1.9483E-04    0.0000E+00
   194   -4.7431E-06    0.0000E+00    8.2296E-05    0.0000E+00
   195   -2.2288E-05    0.0000E+00   -2.5912E-05    0.0000E+00
   196    8.9587E-06    0.0000E+00    9.8874E-05    0.0000E+00
   197    4.0529E-05    0.0000E+00    3.6701E-04    0.0000E+00
   198   -5.1689E-05    0.0000E+00    5.0888E-04    0.0000E+00
   199    4.2244E-05    0.0000E+00    5.7535E-04    0.0000E+00
   200    5.2151E-05    0.0000E+00   -3.3692E-04    0.0000E+00
   201    1.2271E-05    0.0000E+00    9.8690E-05    0.0000E+00
   202   -1.2450E-05    0.0000E+00   -2.6942E-04    0.0000E+00
   203   -8.7348E-07    0.0000E+00   -4.1564E-05    0.0000E+00
   204    1.8908E-06    0.0000E+00   -2.6520E-05    0.0000E+00
   205   -2.7979E-06    0.0000E+00    2.8506E-05    0.0000E+00
   206    2.0788E-07    0.0000E+00   -7.3550E-05    0.0000E+00
   207   -1.9367E-07    0.0000E+00    4.2283E-05    0.0000E+00
   208   -3.2888E-06    0.0000E+00   -1.7352E-05    0.0000E+00
   209    1.9727E-07    0.0000E+00    1.8100E-05    0.0000E+00
   210    1.6149E-06    0.0000E+00   -9.4416E-05    0.0000E+00
   211    8.5694E-07    0.0000E+00    9.7004E-05    0.0000E+00
   212   -7.0969E-07    0.0000E+00    4.9076E-06    0.0000E+00
   213   -4.6652E-07    0.0000E+00   -1.4446E-04    0.0000E+00
   214    1.0808E-06    0.0000E+00   -1.6083E-04    0.0000E+00
   215    3.4293E-07    0.0000E+00   -5.1081E-05    0.0000E+00
   216   -2.2865E-06    0.0000E+00   -9.1561E-06    0.0000E+00
   217   -1.0242E-06    0.0000E+00   -1.1890E-05    0.0000E+00
   218    9.8986E-07    0.0000E+00    2.7372E-05    0.0000E+00
   219    4.3193E-07    0.0000E+00    1.0271E-05    0.0000E+00
   220    8.4974E-07    0.0000E+00    5.2471E-05    0.0000E+00
   221   -1.0473E-06    0.0000E+00    3.5926E-05    0.0000E+00
   222    6.5000E-07    0.0000E+00    5.9208E-05    0.0000E+00
   223    2.0339E-07    0.0000E+00   -9.3691E-05    0.0000E+00
   224    1.9308E-06    0.0000E+00    2.2289E-05    0.0000E+00
   225    1.1191E-06    0.0000E+00    8.6671E-06    0.0000E+00
   226    1.7463E-06    0.0000E+00   -1.6207E-05    0.0000E+00
   227   -7.3496E-07    0.0000E+00    2.0686E-06    0.0000E+00
   228   -7.5237E-07    0.0000E+00    8.3465E-06    0.0000E+00
   229    8.6455E-07    0.0000E+00   -2.3748E-06    0.0000E+00
   230    2.2192E-07    0.0000E+00   -3.7963E-06    0.0000E+00
   231   -9.6389E-07    0.0000E+00   -1.2668E-05    0.0000E+00
   232   -9.4409E-07    0.0000E+00    5.4018E-06    0.0000E+00
   233    5.9961E-07    0.0000E+00    1.8451E-05    0.0000E+00
   234    6.6427E-07    0.0000E+00    1.4051E-05    0.0000E+00
   235   -3.1971E-07    0.0000E+00   -1.1214E-05    0.0000E+00
   236   -1.8559E-06    0.0000E+00   -1.1616E-04    0.0000E+00
   237   -2.3356E-07    0.0000E+00   -1.1652E-04    0.0000E+00
   238    1.8415E-06    0.0000E+00    6.6922E-05    0.0000E+00
   239    5.1162E-07    0.0000E+00    1.4938E-04    0.0000E+00
   240   -3.6910E-06    0.0000E+00   -2.3776E-04    0.0000E+00
   241   -1.3139E-06    0.0000E+00    8.2706E-05    0.0000E+00
   242    1.9416E-06    0.0000E+00    1.6791E-05    0.0000E+00
   243    1.2107E-05    0.0000E+00   -3.9751E-05    0.0000E+00
   244   -1.8037E-05    0.0000E+00   -1.5120E-05    0.0000E+00
   245    2.9041E-05    0.0000E+00   -5.9165E-05    0.0000E+00
   246   -3.4310E-05    0.0000E+00   -8.8736E-06    0.0000E+00
   247   -1.1461E-04    0.0000E+00    7.4707E-05    0.0000E+00
   248   -4.4372E-05    0.0000E+00   -2.4538E-04    0.0000E+00
   249   -3.8747E-05    0.0000E+00   -1.4307E-04    0.0000E+00
   250    1.4331E-06    0.0000E+00    2.3706E-04    0.0000E+00
   251    1.0575E-05    0.0000E+00   -3.1625E-05    0.0000E+00
   252    9.5039E-06    0.0000E+00   -2.8241E-05    0.0000E+00
   253   -4.3095E-07    0.0000E+00    1.1004E-05    0.0000E+00
   254   -1.9519E-06    0.0000E+00    3.9880E-06    0.0000E+00
   255   -4.3629E-07    0.0000E+00    1.7637E-05    0.0000E+00
   256    1.1333E-06    0.0000E+00    6.8357E-06    0.0000E+00
   257    1.8760E-07    0.0000E+00   -1.5409E-05    0.0000E+00
   258    1.4113E-06    0.0000E+00   -1.1093E-05    0.0000E+00
   259    1.3473E-06    0.0000E+00    4.5971E-05    0.0000E+00
   260   -3.7026E-07    0.0000E+00    1.6496E-05    0.0000E+00
   261   -5.5357E-07    0.0000E+00   -3.0720E-05    0.0000E+00
   262    1.4777E-07    0.0000E+00    3.4277E-05    0.0000E+00
   263    1.0701E-06    0.0000E+00    9.2280E-05    0.0000E+00
   264    3.7746E-08    0.0000E+00    6.7920E-05    0.0000E+00
   265   -7.6263E-07    0.0000E+00    1.2177E-05    0.0000E+00
   266    5.6045E-09    0.0000E+00   -8.5459E-06    0.0000E+00
   267    6.9117E-07    0.0000E+00    5.9293E-06    0.0000E+00
   268    8.8896E-08    0.0000E+00   -2.3697E-05    0.0000E+00
   269    1.5772E-08    0.0000E+00   -1.8238E-05    0.0000E+00
   270    1.8364E-08    0.0000E+00   -2.1860E-05    0.0000E+00
   271   -8.4860E-07    0.0000E+00   -4.3713E-06    0.0000E+00
   272   -1.0023E-06    0.0000E+00    1.0448E-05    0.0000E+00
   273   -1.4731E-06    0.0000E+00   -5.2721E-05    0.0000E+00
   274   -6.0535E-06    0.0000E+00    2.3161E-05    0.0000E+00
   275   -4.1394E-06    0.0000E+00    2.1027E-05    0.0000E+00
   276   -1.0777E-06    0.0000E+00   -3.4281E-06    0.0000E+00
   277    1.7333E-06    0.0000E+00   -4.6681E-07    0.0000E+00
   278    1.3726E-06    0.0000E+00    9.1892E-07    0.0000E+00
   279   -1.4616E-06    0.0000E+00    1.5668E-06    0.0000E+00
   280    1.2541E-08    0.0000E+00    4.0750E-06    0.0000E+00
   281    1.7165E-06    0.0000E+00   -1.0251E-05    0.0000E+00
   282    9.9735E-07    0.0000E+00    2.3761E-06    0.0000E+00
   283   -4.5825E-07    0.0000E+00    8.0187E-06    0.0000E+00
   284   -6.4200E-07    0.0000E+00    4.8402E-06    0.0000E+00
   285    1.9366E-07    0.0000E+00   -1.6259E-06    0.0000E+00
   286    1.9243E-06    0.0000E+00   -3.4448E-05    0.0000E+00
   287   -3.0407E-06    0.0000E+00   -3.1406E-05    0.0000E+00
   288   -1.3145E-06    0.0000E+00    3.4744E-05    0.0000E+00
   289    7.0579E-06    0.0000E+00    3.1205E-05    0.0000E+00
   290   -2.9804E-06    0.0000E+00   -1.0178E-04    0.0000E+00
   291   -6.3621E-06    0.0000E+00    6.0286E-05    0.0000E+00
   292    4.9413E-07    0.0000E+00   -1.0274E-05    0.0000E+00
   293   -4.5972E-06    0.0000E+00    9.8461E-06    0.0000E+00
   294    5.3825E-05    0.0000E+00   -1.0537E-05    0.0000E+00
   295   -1.4642E-05    0.0000E+00    9.0040E-05    0.0000E+00
   296    2.3963E-05    0.0000E+00   -3.4963E-04    0.0000E+00
   297    2.8517E-06    0.0000E+00   -1.7320E-04    0.0000E+00
   298    5.0943E-05    0.0000E+00    3.9519E-05    0.0000E+00
   299    8.8782E-06    0.0000E+00   -9.3382E-05    0.0000E+00
   300   -1.0417E-05    0.0000E+00    2.4632E-05    0.0000E+00
   301   -3.9006E-06    0.0000E+00    1.2619E-05    0.0000E+00
   302   -4.4587E-06    0.0000E+00    2.2250E-05    0.0000E+00
   303    1.9103E-06    0.0000E+00   -1.1577E-06    0.0000E+00
   304    3.8795E-06    0.0000E+00    2.4117E-06    0.0000E+00
   305   -1.5048E-06    0.0000E+00   -6.4547E-06    0.0000E+00
   306   -1.4121E-07    0.0000E+00    4.2492E-06    0.0000E+00
   307    1.6084E-06    0.0000E+00    7.9457E-08    0.0000E+00
   308   -9.3201E-07    0.0000E+00    2.4004E-06    0.0000E+00
   309   -1.4612E-06    0.0000E+00   -2.0786E-05    0.0000E+00
   310   -1.4261E-07    0.0000E+00    1.7238E-06    0.0000E+00
   311    6.4876E-07    0.0000E+00   -1.1645E-05    0.0000E+00
   312    8.6831E-07    0.0000E+00   -3.6996E-05    0.0000E+00
   313   -1.5705E-06    0.0000E+00   -3.3560E-05    0.0000E+00
   314   -8.5179E-08    0.0000E+00   -1.7902E-05    0.0000E+00
   315    2.1405E-06    0.0000E+00   -5.7253E-06    0.0000E+00
   316    6.3244E-07    0.0000E+00    4.8474E-07    0.0000E+00
   317   -8.8367E-07    0.0000E+00   -1.7265E-05    0.0000E+00
   318    3.2485E-07    0.0000E+00    4.3995E-05    0.0000E+00
   319    3.1399E-07    0.0000E+00    5.6013E-05    0.0000E+00
   320    1.7081E-06    0.0000E+00    4.4375E-05    0.0000E+00
   321    7.9309E-07    0.0000E+00   -5.9466E-05    0.0000E+00
   322   -7.1043E-07    0.0000E+00    1.4029E-05    0.0000E+00
   323    2.4631E-07    0.0000E+00    3.6339E-05    0.0000E+00
   324    2.0014E-06    0.0000E+00   -2.4360E-05    0.0000E+00
   325   -4.5633E-07    0.0000E+00    1.1722E-05    0.0000E+00
   326   -6.0387E-07    0.0000E+00    9.0291E-06    0.0000E+00
   327    5.8305E-07    0.0000E+00    7.0985E-06    0.0000E+00
   328    7.9543E-07    0.0000E+00   -4.9001E-06    0.0000E+00
   329   -1.2261E-06    0.0000E+00   -5.1190E-06    0.0000E+00
   330   -1.4518E-06    0.0000E+00    4.9107E-06    0.0000E+00
   331    7.1462E-07    0.0000E+00    2.0871E-06    0.0000E+00
   332    9.8161E-07    0.0000E+00    4.8332E-06    0.0000E+00
   333   -2.5246E-07    0.0000E+00    1.3639E-06    0.0000E+00
   334   -2.1266E-06    0.0000E+00    2.2479E-07    0.0000E+00
   335    2.5318E-07    0.0000E+00    5.9798E-06    0.0000E+00
   336   -5.3049E-07    0.0000E+00   -1.9454E-06    0.0000E+00
   337    1.5452E-06    0.0000E+00   -1.0457E-05    0.0000E+00
   338   -5.2375E-07    0.0000E+00    1.8031E-05    0.0000E+00
   339   -1.3718E-06    0.0000E+00    4.6235E-06    0.0000E+00
   340    4.2874E-06    0.0000E+00   -2.9808E-05    0.0000E+00
   341    3.1771E-06    0.0000E+00    1.0167E-05    0.0000E+00
   342   -1.9217E-05    0.0000E+00   -1.3264E-05    0.0000E+00
   343    5.5395E-06    0.0000E+00    2.6701E-05    0.0000E+00
   344   -4.8175E-05    0.0000E+00    3.9336E-05    0.0000E+00
   345    7.6441E-05    0.0000E+00    6.9958E-05    0.0000E+00
   346    1.0173E-04    0.0000E+00    1.2250E-04    0.0000E+00
   347    2.4712E-05    0.0000E+00    1.0420E-05    0.0000E+00
   348    7.8616E-06    0.0000E+00    7.6877E-05    0.0000E+00
   349    3.4901E-05    0.0000E+00    2.9868E-05    0.0000E+00
   350    1.2949E-05    0.0000E+00   -1.1955E-05    0.0000E+00
   351   -4.2255E-06    0.0000E+00   -2.2491E-05    0.0000E+00
   352   -5.7662E-06    0.0000E+00   -1.0530E-05    0.0000E+00
   353   -1.4184E-06    0.0000E+00    6.1635E-06    0.0000E+00
   354    2.1848E-06    0.0000E+00    3.8517E-06    0.0000E+00
   355    8.5322E-08    0.0000E+00    1.7493E-06    0.0000E+00
   356   -6.1634E-07    0.0000E+00   -8.9658E-06    0.0000E+00
   357   -4.5193E-08    0.0000E+00   -3.7431E-07    0.0000E+00
   358   -3.6180E-07    0.0000E+00    6.6550E-06    0.0000E+00
   359   -9.3161E-07    0.0000E+00    5.3539E-06    0.0000E+00
   360   -3.8938E-08    0.0000E+00    7.0215E-06    0.0000E+00
   361    3.8785E-07    0.0000E+00    2.1004E-05    0.0000E+00
   362    8.1370E-08    0.0000E+00    1.9112E-05    0.0000E+00
   363   -6.4794E-07    0.0000E+00    5.1212E-06    0.0000E+00
   364   -7.2632E-07    0.0000E+00    6.3767E-06    0.0000E+00
   365    1.4039E-06    0.0000E+00    7.7611E-06    0.0000E+00
   366    3.7224E-07    0.0000E+00    5.2668E-06    0.0000E+00
   367    2.5024E-07    0.0000E+00    1.9622E-05    0.0000E+00
   368   -6.4999E-07    0.0000E+00   -3.0640E-05    0.0000E+00
   369   -1.3871E-06    0.0000E+00    6.5848E-06    0.0000E+00
   370   -7.1917E-07    0.0000E+00    8.3855E-06    0.0000E+00
   371    1.8229E-06    0.0000E+00   -9.7305E-06    0.0000E+00
   372    1.7228E-06    0.0000E+00   -3.9842E-06    0.0000E+00
   373    3.9932E-06    0.0000E+00    2.1179E-05    0.0000E+00
   374    3.5345E-06    0.0000E+00   -1.3553E-05    0.0000E+00
   375    2.6561E-06    0.0000E+00   -3.6938E-06    0.0000E+00
   376   -1.0275E-06    0.0000E+00    3.9934E-06    0.0000E+00
   377   -2.8241E-06    0.0000E+00    5.1733E-07    0.0000E+00
   378    6.5624E-07    0.0000E+00    1.4351E-06    0.0000E+00
   379    1.4715E-06    0.0000E+00   -3.8679E-06    0.0000E+00
   380   -1.3612E-06    0.0000E+00   -2.7045E-06    0.0000E+00
   381   -2.7672E-06    0.0000E+00   -6.9992E-07    0.0000E+00
   382   -1.9647E-07    0.0000E+00    2.8490E-06    0.0000E+00
   383    2.1277E-06    0.0000E+00   -2.3331E-07    0.0000E+00
   384    1.3885E-06    0.0000E+00   -2.0301E-06    0.0000E+00
   385   -2.7708E-06    0.0000E+00   -3.7544E-07    0.0000E+00
   386    4.4514E-07    0.0000E+00    2.2579E-07    0.0000E+00
   387    1.6344E-06    0.0000E+00    3.0938E-07    0.0000E+00
   388   -6.3094E-06    0.0000E+00   -3.9421E-06    0.0000E+00
   389   -2.4256E-06    0.0000E+00   -4.7240E-06    0.0000E+00
   390    5.7373E-06    0.0000E+00    1.5426E-05    0.0000E+00
   391    4.0311E-06    0.0000E+00   -9.8750E-06    0.0000E+00
   392    2.2209E-05    0.0000E+00    1.0069E-06    0.0000E+00
   393   -4.9769E-05    0.0000E+00   -6.5145E-05    0.0000E+00
   394   -2.1765E-05    0.0000E+00    6.6735E-06    0.0000E+00
   395   -2.6499E-05    0.0000E+00    1.2927E-04    0.0000E+00
   396    2.1720E-05    0.0000E+00    7.1026E-05    0.0000E+00
   397    4.1315E-06    0.0000E+00   -1.1601E-05    0.0000E+00
   398   -3.1009E-05    0.0000E+00   -2.6863E-05    0.0000E+00
   399   -2.1807E-05    0.0000E+00    2.9483E-05    0.0000E+00
   400   -8.8758E-07    0.0000E+00    1.1917E-05    0.0000E+00
   401    8.8928E-06    0.0000E+00    2.3150E-06    0.0000E+00
   402    1.9451E-06    0.0000E+00   -6.9343E-06    0.0000E+00
   403   -3.5052E-06    0.0000E+00   -3.3692E-06    0.0000E+00
   404   -9.9674E-08    0.0000E+00    2.6691E-06    0.0000E+00
   405    1.3755E-06    0.0000E+00    1.7093E-06    0.0000E+00
   406   -1.1995E-06    0.0000E+00    2.7789E-07    0.0000E+00
   407    2.5068E-07    0.0000E+00   -2.3692E-06    0.0000E+00
   408    1.3317E-06    0.0000E+00    6.9845E-08    0.0000E+00
   409    2.6976E-07    0.0000E+00   -1.9764E-06    0.0000E+00
   410   -9.8348E-07    0.0000E+00   -7.4083E-06    0.0000E+00
   411   -1.6589E-06    0.0000E+00   -1.1876E-05    0.0000E+00
   412    8.9588E-07    0.0000E+00   -6.7178E-06    0.0000E+00
   413    8.8664E-07    0.0000E+00   -1.6552E-06    0.0000E+00
   414   -2.0145E-06    0.0000E+00   -6.3581E-06    0.0000E+00
   415   -2.1195E-06    0.0000E+00   -9.3936E-06    0.0000E+00
   416    1.2218E-06    0.0000E+00    1.5362E-06    0.0000E+00
   417    6.6931E-07    0.0000E+00    1.5633E-05    0.0000E+00
   418    2.2204E-06    0.0000E+00    4.4931E-05    0.0000E+00
   419   -7.8487E-07    0.0000E+00   -2.6852E-05    0.0000E+00
   420   -2.4732E-06    0.0000E+00    9.7780E-06    0.0000E+00
   421   -5.2535E-07    0.0000E+00    2.8044E-05    0.0000E+00
   422   -8.9860E-07    0.0000E+00   -2.1194E-05    0.0000E+00
   423   -3.0013E-06    0.0000E+00    2.1935E-05    0.0000E+00
   424   -1.0799E-06    0.0000E+00    9.2328E-06    0.0000E+00
   425    9.1718E-07    0.0000E+00   -5.1691E-06    0.0000E+00
   426    3.6697E-07    0.0000E+00   -4.1869E-06    0.0000E+00
   427   -1.1237E-06    0.0000E+00   -1.8765E-06    0.0000E+00
   428    2.0922E-08    0.0000E+00    3.0863E-06    0.0000E+00
   429    2.0887E-06    0.0000E+00    1.9935E-06    0.0000E+00
   430    1.1226E-06    0.0000E+00   -3.2246E-06    0.0000E+00
   431   -1.0948E-06    0.0000E+00   -7.4620E-07    0.0000E+00
   432   -1.5977E-06    0.0000E+00    2.2874E-06    0.0000E+00
   433    1.4747E-06    0.0000E+00    2.5333E-06    0.0000E+00
   434    7.8101E-07    0.0000E+00   -1.1789E-06    0.0000E+00
   435    5.3468E-07    0.0000E+00    5.6864E-07    0.0000E+00
   436   -9.4359E-08    0.0000E+00   -1.2379E-06    0.0000E+00
   437   -7.7063E-07    0.0000E+00   -2.8072E-06    0.0000E+00
   438    1.3502E-06    0.0000E+00   -1.7812E-06    0.0000E+00
   439    9.2078E-07    0.0000E+00   -2.1744E-06    0.0000E+00
   440   -1.2610E-05    0.0000E+00    3.5736E-06    0.0000E+00
   441    1.3118E-05    0.0000E+00    2.3895E-05    0.0000E+00
   442   -1.8245E-06    0.0000E+00   -5.4924E-06    0.0000E+00
   443    5.4083E-05    0.0000E+00   -1.4561E-05    0.0000E+00
   444   -2.3376E-05    0.0000E+00   -6.0995E-05    0.0000E+00
   445   -8.2166E-05    0.0000E+00   -2.3190E-05    0.0000E+00
   446   -7.4347E-05    0.0000E+00    3.6371E-05    0.0000E+00
   447   -1.2092E-05    0.0000E+00    3.0655E-05    0.0000E+00
   448   -2.3062E-06    0.0000E+00   -1.8607E-05    0.0000E+00
   449   -1.3262E-05    0.0000E+00   -1.7694E-05    0.0000E+00
   450   -6.5738E-06    0.0000E+00   -2.7505E-06    0.0000E+00
   451    1.5052E-06    0.0000E+00    1.0505E-05    0.0000E+00
   452    3.3300E-06    0.0000E+00    3.4362E-06    0.0000E+00
   453   -3.0317E-07    0.0000E+00   -2.3450E-06    0.0000E+00
   454   -6.6937E-07    0.0000E+00    1.3233E-06    0.0000E+00
   455    3.0818E-07    0.0000E+00    1.0330E-06    0.0000E+00
   456   -5.1049E-07    0.0000E+00   -3.8112E-07    0.0000E+00
   457   -1.3516E-06    0.0000E+00   -8.0715E-07    0.0000E+00
   458    6.9472E-07    0.0000E+00   -4.2898E-06    0.0000E+00
   459    6.8085E-07    0.0000E+00    8.9729E-07    0.0000E+00
   460   -8.2001E-07    0.0000E+00    4.1498E-06    0.0000E+00
   461   -7.4630E-07    0.0000E+00    3.0121E-06    0.0000E+00
   462    8.4306E-07    0.0000E+00    3.5173E-06    0.0000E+00
   463    2.0036E-06    0.0000E+00    9.7638E-06    0.0000E+00
   464   -2.0040E-07    0.0000E+00   -3.4376E-07    0.0000E+00
   465   -2.2573E-07    0.0000E+00    1.3793E-05    0.0000E+00
   466   -4.2616E-07    0.0000E+00    1.0116E-05    0.0000E+00
   467   -9.3731E-07    0.0000E+00    2.3942E-05    0.0000E+00
   468   -7.8463E-07    0.0000E+00   -2.6659E-05    0.0000E+00
   469    3.5915E-06    0.0000E+00    3.7662E-06    0.0000E+00
   470    2.2332E-06    0.0000E+00    4.9220E-05    0.0000E+00
   471   -5.1752E-07    0.0000E+00    5.4507E-05    0.0000E+00
   472   -1.5300E-06    0.0000E+00    5.5203E-06    0.0000E+00
   473   -1.2935E-06    0.0000E+00   -8.6997E-06    0.0000E+00
   474   -1.5370E-06    0.0000E+00    5.1647E-06    0.0000E+00
   475   -1.2525E-06    0.0000E+00    2.2701E-06    0.0000E+00
   476    1.6418E-06    0.0000E+00    1.3055E-06    0.0000E+00
   477    2.5479E-06    0.0000E+00   -4.1134E-06    0.0000E+00
   478   -1.3998E-06    0.0000E+00   -1.1726E-06    0.0000E+00
   479   -1.5782E-06    0.0000E+00    3.6961E-06    0.0000E+00
   480    1.7357E-06    0.0000E+00    8.8244E-08    0.0000E+00
   481    2.3796E-06    0.0000E+00   -6.7984E-07    0.0000E+00
   482    1.9632E-08    0.0000E+00    3.1356E-06    0.0000E+00
   483   -3.8781E-06    0.0000E+00    1.7048E-06    0.0000E+00
   484   -1.5183E-07    0.0000E+00   -1.0665E-06    0.0000E+00
   485    1.3193E-06    0.0000E+00    1.3036E-06    0.0000E+00
   486    2.4939E-07    0.0000E+00   -1.0837E-07    0.0000E+00
   487    3.3604E-06    0.0000E+00    2.7097E-06    0.0000E+00
   488    4.6283E-06    0.0000E+00   -3.6136E-09    0.0000E+00
   489   -3.0970E-07    0.0000E+00   -6.8412E-06    0.0000E+00
   490    4.1111E-06    0.0000E+00   -9.7584E-06    0.0000E+00
   491   -3.5311E-05    0.0000E+00    1.1204E-05    0.0000E+00
   492    2.3291E-06    0.0000E+00    4.3328E-06    0.0000E+00
   493    2.9850E-05    0.0000E+00    2.9055E-05    0.0000E+00
   494    4.3077E-06    0.0000E+00    3.4675E-05    0.0000E+00
   495   -2.1320E-05    0.0000E+00   -3.0601E-05    0.0000E+00
   496   -1.8921E-05    0.0000E+00   -4.9702E-05    0.0000E+00
   497   -3.4247E-06    0.0000E+00   -1.0791E-05    0.0000E+00
   498    1.6414E-05    0.0000E+00    2.4181E-06    0.0000E+00
   499    1.1676E-05    0.0000E+00   -1.0019E-05    0.0000E+00
   500    2.3896E-06    0.0000E+00   -1.1232E-05    0.0000E+00
   501   -5.6204E-06    0.0000E+00    5.7962E-07    0.0000E+00
   502   -1.6714E-06    0.0000E+00    9.6085E-08    0.0000E+00
   503    1.3895E-07    0.0000E+00    2.7576E-07    0.0000E+00
   504   -2.0109E-06    0.0000E+00    4.2650E-07    0.0000E+00
   505   -3.0457E-07    0.0000E+00    7.3473E-07    0.0000E+00
   506    2.0408E-06    0.0000E+00    3.2525E-07    0.0000E+00
   507    8.7001E-07    0.0000E+00   -3.4518E-06    0.0000E+00
   508   -1.1887E-06    0.0000E+00    1.6333E-09    0.0000E+00
   509   -3.3110E-07    0.0000E+00   -2.7011E-08    0.0000E+00
   510    1.3150E-06    0.0000E+00   -3.5926E-06    0.0000E+00
   511    9.8206E-07    0.0000E+00   -2.3576E-06    0.0000E+00
   512   -2.1670E-06    0.0000E+00    4.4421E-06    0.0000E+00
   513   -2.1793E-06    0.0000E+00   -1.1945E-05    0.0000E+00
   514    2.5214E-06    0.0000E+00    3.6208E-06    0.0000E+00
   515    7.0979E-07    0.0000E+00    1.4084E-05    0.0000E+00
   516    1.5162E-06    0.0000E+00    3.2165E-05    0.0000E+00
   517   -2.1518E-06    0.0000E+00   -3.9336E-05    0.0000E+00
   518   -2.1268E-06    0.0000E+00   -1.0977E-05    0.0000E+00
   519   -2.4729E-07    0.0000E+00    9.2357E-06    0.0000E+00
   520    1.5275E-08    0.0000E+00   -2.8757E-05    0.0000E+00
   521    1.1295E-06    0.0000E+00   -6.6170E-06    0.0000E+00
   522    3.2303E-06    0.0000E+00   -1.0435E-06    0.0000E+00
   523    1.9094E-06    0.0000E+00   -1.2610E-05    0.0000E+00
   524   -5.1273E-07    0.0000E+00   -5.9480E-06    0.0000E+00
   525   -7.8671E-07    0.0000E+00    1.3238E-06    0.0000E+00
   526    3.5429E-07    0.0000E+00    4.8075E-06    0.0000E+00
   527    6.1979E-07    0.0000E+00    1.6277E-06    0.0000E+00
   528   -4.8116E-07    0.0000E+00   -2.7274E-06    0.0000E+00
   529   -1.2458E-06    0.0000E+00   -1.4570E-06    0.0000E+00
   530   -5.7776E-07    0.0000E+00   -1.0412E-07    0.0000E+00
   531    1.7545E-06    0.0000E+00    7.4459E-07    0.0000E+00
   532    7.0733E-07    0.0000E+00    2.3157E-06    0.0000E+00
   533   -3.4014E-07    0.0000E+00   -3.1943E-06    0.0000E+00
   534    3.3531E-07    0.0000E+00   -3.2458E-07    0.0000E+00
   535   -1.7679E-06    0.0000E+00    7.6346E-08    0.0000E+00
   536   -6.5623E-07    0.0000E+00   -1.6277E-06    0.0000E+00
   537    7.9265E-07    0.0000E+00    4.4365E-06    0.0000E+00
   538   -4.7679E-06    0.0000E+00    3.4198E-06    0.0000E+00
   539    8.7901E-06    0.0000E+00    9.2156E-06    0.0000E+00
   540    2.1038E-06    0.0000E+00   -2.0707E-05    0.0000E+00
   541    7.3003E-06    0.0000E+00   -4.4625E-06    0.0000E+00
   542    4.7297E-06    0.0000E+00   -2.8292E-05    0.0000E+00
   543   -7.8723E-05    0.0000E+00   -6.7748E-06    0.0000E+00
   544   -4.2478E-05    0.0000E+00   -7.8405E-06    0.0000E+00
   545    1.9310E-05    0.0000E+00   -1.8355E-05    0.0000E+00
   546    1.8584E-05    0.0000E+00   -1.7130E-05    0.0000E+00
   547   -5.7268E-06    0.0000E+00   -1.3309E-05    0.0000E+00
   548   -4.8442E-06    0.0000E+00    5.1152E-06    0.0000E+00
   549    5.4472E-06    0.0000E+00    1.3413E-05    0.0000E+00
   550    3.6252E-06    0.0000E+00    6.5321E-06    0.0000E+00
   551    3.7691E-07    0.0000E+00   -6.8082E-06    0.0000E+00
   552    1.4130E-07    0.0000E+00   -3.1978E-06    0.0000E+00
   553   -2.8610E-07    0.0000E+00    1.0782E-06    0.0000E+00
   554   -6.1954E-07    0.0000E+00    2.1155E-06    0.0000E+00
   555    2.6054E-07    0.0000E+00   -1.3583E-07    0.0000E+00
   556    1.1041E-06    0.0000E+00   -1.8681E-06    0.0000E+00
   557    5.5231E-07    0.0000E+00    1.7857E-06    0.0000E+00
   558   -6.1779E-07    0.0000E+00   -9.6018E-08    0.0000E+00
   559   -2.1429E-08    0.0000E+00   -2.6156E-06    0.0000E+00
   560    1.2343E-06    0.0000E+00    2.4935E-06    0.0000E+00
   561    8.5936E-07    0.0000E+00    3.1614E-06    0.0000E+00
   562   -7.8999E-07    0.0000E+00   -4.8741E-06    0.0000E+00
   563    4.8443E-08    0.0000E+00    5.4421E-06    0.0000E+00
   564   -1.2300E-07    0.0000E+00    1.4488E-05    0.0000E+00
   565    1.1635E-08    0.0000E+00    2.1887E-05    0.0000E+00
   566    1.0230E-06    0.0000E+00    3.5893E-06    0.0000E+00
   567    3.8797E-06    0.0000E+00   -5.6306E-06    0.0000E+00
   568   -1.6087E-06    0.0000E+00    2.4699E-05    0.0000E+00
   569   -3.3284E-06    0.0000E+00   -2.2359E-06    0.0000E+00
   570   -5.7397E-07    0.0000E+00   -2.8220E-05    0.0000E+00
   571    7.1322E-07    0.0000E+00   -2.0961E-05    0.0000E+00
   572   -7.4794E-07    0.0000E+00    6.5112E-06    0.0000E+00
   573   -1.4854E-06    0.0000E+00    3.4212E-06    0.0000E+00
   574    2.5266E-06    0.0000E+00   -2.7589E-06    0.0000E+00
   575    1.9892E-06    0.0000E+00   -1.6904E-06    0.0000E+00
   576   -2.3673E-06    0.0000E+00    3.4958E-07    0.0000E+00
   577   -1.2411E-06    0.0000E+00    3.1128E-06    0.0000E+00
   578    2.8406E-06    0.0000E+00    9.5110E-07    0.0000E+00
   579    2.0226E-06    0.0000E+00   -1.2048E-06    0.0000E+00
   580   -1.7928E-06    0.0000E+00   -1.2738E-06    0.0000E+00
   581   -3.5190E-06    0.0000E+00   -1.2565E-06    0.0000E+00
   582    1.1322E-06    0.0000E+00    1.5993E-06    0.0000E+00
   583    3.6055E-06    0.0000E+00   -6.7970E-07    0.0000E+00
   584   -3.1538E-06    0.0000E+00    8.5489E-07    0.0000E+00
   585    2.8848E-06    0.0000E+00   -4.9358E-07    0.0000E+00
   586    2.0591E-06    0.0000E+00   -1.8277E-06    0.0000E+00
   587   -4.7410E-06    0.0000E+00   -1.3638E-06    0.0000E+00
   588   -1.2310E-06    0.0000E+00    1.3147E-07    0.0000E+00
   589   -1.2752E-05    0.0000E+00   -2.1554E-06    0.0000E+00
   590    7.1939E-06    0.0000E+00    1.3864E-05    0.0000E+00
   591    3.9203E-05    0.0000E+00    2.0683E-05    0.0000E+00
   592    1.8607E-05    0.0000E+00   -2.9753E-05    0.0000E+00
   593   -1.1091E-06    0.0000E+00   -9.2101E-05    0.0000E+00
   594    1.5717E-06    0.0000E+00   -5.3080E-05    0.0000E+00
   595   -1.2793E-06    0.0000E+00    9.4390E-07    0.0000E+00
   596    5.6927E-06    0.0000E+00    1.3771E-05    0.0000E+00
   597    8.5409E-06    0.0000E+00   -5.6026E-07    0.0000E+00
   598   -2.8053E-06    0.0000E+00   -4.4171E-06    0.0000E+00
   599   -9.2495E-06    0.0000E+00    3.5569E-06    0.0000E+00
   600    5.5406E-07    0.0000E+00    3.7660E-06    0.0000E+00
   601    3.4586E-06    0.0000E+00    2.2499E-06    0.0000E+00
   602   -7.0811E-07    0.0000E+00   -8.2989E-07    0.0000E+00
   603    6.5024E-07    0.0000E+00   -4.4749E-07    0.0000E+00
   604    2.8371E-06    0.0000E+00    5.6167E-07    0.0000E+00
   605   -7.9139E-07    0.0000E+00    7.4344E-07    0.0000E+00
   606   -2.5487E-06    0.0000E+00    2.5620E-07    0.0000E+00
   607   -5.3501E-07    0.0000E+00   -1.6691E-06    0.0000E+00
   608    2.3517E-06    0.0000E+00   -1.3399E-07    0.0000E+00
   609    8.1815E-07    0.0000E+00    1.2658E-06    0.0000E+00
   610   -3.0224E-06    0.0000E+00    5.1096E-06    0.0000E+00
   611   -5.2403E-08    0.0000E+00   -1.2770E-06    0.0000E+00
   612    3.4651E-06    0.0000E+00   -3.2671E-06    0.0000E+00
   613    5.8198E-07    0.0000E+00    1.2659E-05    0.0000E+00
   614   -3.8544E-07    0.0000E+00   -6.2694E-06    0.0000E+00
   615   -2.1008E-06    0.0000E+00   -1.7745E-07    0.0000E+00
   616   -6.4581E-07    0.0000E+00   -1.3134E-05    0.0000E+00
   617   -1.6608E-07    0.0000E+00    3.2064E-06    0.0000E+00
   618    2.2844E-06    0.0000E+00    2.8500E-06    0.0000E+00
   619    2.3359E-06    0.0000E+00    1.7034E-05    0.0000E+00
   620   -5.0011E-07    0.0000E+00    1.2374E-05    0.0000E+00
   621   -2.7999E-06    0.0000E+00   -5.9964E-06    0.0000E+00
   622   -3.0941E-06    0.0000E+00   -3.4835E-06    0.0000E+00
   623    2.1622E-07    0.0000E+00    7.4414E-06    0.0000E+00
   624    1.0985E-06    0.0000E+00    7.5264E-06    0.0000E+00
   625   -6.3124E-07    0.0000E+00   -2.9891E-06    0.0000E+00
   626    1.3584E-07    0.0000E+00   -4.6155E-06    0.0000E+00
   627   -2.7768E-07    0.0000E+00    1.4138E-06    0.0000E+00
   628   -8.6317E-08    0.0000E+00    4.0378E-06    0.0000E+00
   629    1.1280E-06    0.0000E+00    5.6482E-07    0.0000E+00
   630    5.0843E-07    0.0000E+00   -3.3209E-06    0.0000E+00
   631   -5.0873E-07    0.0000E+00   -1.4439E-06    0.0000E+00
   632    4.9307E-07    0.0000E+00    8.6464E-07    0.0000E+00
   633   -3.3510E-06    0.0000E+00   -5.8452E-07    0.0000E+00
   634   -5.3144E-08    0.0000E+00    1.8975E-06    0.0000E+00
   635    3.9461E-06    0.0000E+00    6.4141E-06    0.0000E+00
   636    2.6914E-07    0.0000E+00   -1.9910E-06    0.0000E+00
   637    1.0296E-06    0.0000E+00   -8.6819E-07    0.0000E+00
   638   -4.9358E-06    0.0000E+00   -1.4286E-05    0.0000E+00
   639    3.8232E-06    0.0000E+00    1.0663E-06    0.0000E+00
   640    1.0556E-06    0.0000E+00    4.7715E-06    0.0000E+00
   641   -4.6638E-05    0.0000E+00    3.1030E-05    0.0000E+00
   642    3.7789E-05    0.0000E+00    2.3088E-05    0.0000E+00
   643    7.6998E-05    0.0000E+00    5.9237E-06    0.0000E+00
   644    3.6270E-05    0.0000E+00   -9.0573E-07    0.0000E+00
   645    1.7080E-06    0.0000E+00   -3.9110E-06    0.0000E+00
   646    7.3340E-07    0.0000E+00    5.5142E-06    0.0000E+00
   647    7.8857E-06    0.0000E+00    1.0258E-05    0.0000E+00
   648   -7.7565E-07    0.0000E+00   -2.2442E-06    0.0000E+00
   649   -5.0232E-07    0.0000E+00   -8.5659E-06    0.0000E+00
   650   -1.2693E-06    0.0000E+00   -3.2377E-07    0.0000E+00
   651   -1.5370E-06    0.0000E+00    1.0365E-06    0.0000E+00
   652    2.9496E-07    0.0000E+00   -5.3200E-07    0.0000E+00
   653    9.8515E-07    0.0000E+00    1.9610E-07    0.0000E+00
   654   -7.2590E-07    0.0000E+00    6.9053E-07    0.0000E+00
   655   -1.7910E-07    0.0000E+00    1.2972E-06    0.0000E+00
   656    8.6977E-08    0.0000E+00    4.5097E-07    0.0000E+00
   657    1.4342E-07    0.0000E+00    5.4984E-08    0.0000E+00
   658    1.1552E-06    0.0000E+00    4.2495E-06    0.0000E+00
   659   -6.8359E-07    0.0000E+00   -3.4192E-06    0.0000E+00
   660   -6.9500E-07    0.0000E+00   -7.3665E-06    0.0000E+00
   661    1.0630E-07    0.0000E+00   -3.4933E-07    0.0000E+00
   662   -4.2323E-07    0.0000E+00    1.3300E-05    0.0000E+00
   663    6.7440E-07    0.0000E+00    1.3746E-05    0.0000E+00
   664    6.2612E-07    0.0000E+00   -4.9278E-06    0.0000E+00
   665    2.0439E-06    0.0000E+00    6.0592E-06    0.0000E+00
   666   -2.6022E-06    0.0000E+00    2.1408E-05    0.0000E+00
   667   -2.1076E-06    0.0000E+00   -2.3826E-05    0.0000E+00
   668    3.1279E-07    0.0000E+00   -3.4510E-05    0.0000E+00
   669   -1.3336E-07    0.0000E+00   -1.0519E-05    0.0000E+00
   670   -6.1471E-07    0.0000E+00    1.0947E-05    0.0000E+00
   671    8.1220E-07    0.0000E+00    6.8588E-06    0.0000E+00
   672    3.0185E-06    0.0000E+00   -1.8649E-06    0.0000E+00
   673   -5.9818E-07    0.0000E+00   -2.8080E-06    0.0000E+00
   674   -3.4212E-06    0.0000E+00   -1.8234E-06    0.0000E+00
   675   -5.5308E-08    0.0000E+00    1.2227E-06    0.0000E+00
   676    2.3521E-06    0.0000E+00    7.2371E-07    0.0000E+00
   677   -6.3345E-07    0.0000E+00    8.6177E-07    0.0000E+00
   678   -2.9902E-06    0.0000E+00    1.7783E-06    0.0000E+00
   679   -1.4248E-06    0.0000E+00   -1.1063E-06    0.0000E+00
   680    2.8969E-06    0.0000E+00   -2.2194E-06    0.0000E+00
   681    2.4856E-06    0.0000E+00    2.1560E-07    0.0000E+00
   682   -3.4634E-06    0.0000E+00   -7.9235E-07    0.0000E+00
   683    3.1462E-06    0.0000E+00   -1.0279E-06    0.0000E+00
   684   -1.1874E-06    0.0000E+00    1.2682E-07    0.0000E+00
   685   -7.3578E-06    0.0000E+00   -2.3525E-07    0.0000E+00
   686    1.6173E-06    0.0000E+00    2.1018E-06    0.0000E+00
   687    1.7771E-06    0.0000E+00   -2.9238E-06    0.0000E+00
   688    5.3473E-06    0.0000E+00    5.7538E-08    0.0000E+00
   689    1.6980E-05    0.0000E+00    4.5806E-06    0.0000E+00
   690   -4.0190E-05    0.0000E+00   -4.2130E-06    0.0000E+00
   691    7.5011E-06    0.0000E+00   -3.5891E-05    0.0000E+00
   692    7.8734E-06    0.0000E+00   -1.0190E-06    0.0000E+00
   693    2.9780E-07    0.0000E+00    2.0342E-05    0.0000E+00
   694    5.9877E-06    0.0000E+00    1.3785E-05    0.0000E+00
   695    7.9772E-06    0.0000E+00    2.1163E-06    0.0000E+00
   696   -7.2774E-06    0.0000E+00   -1.1993E-06    0.0000E+00
   697   -9.4686E-06    0.0000E+00    1.2527E-06    0.0000E+00
   698    4.9708E-06    0.0000E+00    9.3915E-07    0.0000E+00
   699    3.6177E-06    0.0000E+00    2.6219E-06    0.0000E+00
   700   -1.3084E-06    0.0000E+00   -3.9263E-07    0.0000E+00
   701    1.3446E-06    0.0000E+00   -4.0110E-07    0.0000E+00
   702    1.4495E-06    0.0000E+00    1.4811E-06    0.0000E+00
   703   -2.7530E-06    0.0000E+00   -7.7123E-07    0.0000E+00
   704   -1.7041E-06    0.0000E+00   -1.5950E-06    0.0000E+00
   705    1.2323E-06    0.0000E+00    5.0233E-07    0.0000E+00
   706    2.0654E-06    0.0000E+00   -6.1222E-07    0.0000E+00
   707   -1.1114E-06    0.0000E+00    1.3179E-06    0.0000E+00
   708   -3.0096E-06    0.0000E+00    1.9520E-06    0.0000E+00
   709    1.5205E-06    0.0000E+00    6.0683E-07    0.0000E+00
   710    2.3979E-06    0.0000E+00   -8.2165E-07    0.0000E+00
   711   -8.9742E-07    0.0000E+00    6.2307E-06    0.0000E+00
   712   -4.8234E-07    0.0000E+00   -4.2769E-07    0.0000E+00
   713   -8.7065E-07    0.0000E+00   -6.1081E-06    0.0000E+00
   714    1.3088E-06    0.0000E+00    5.2070E-06    0.0000E+00
   715   -5.9610E-07    0.0000E+00    2.1269E-06    0.0000E+00
   716    4.3687E-06    0.0000E+00    3.3763E-06    0.0000E+00
   717    1.1853E-06    0.0000E+00    2.8417E-05    0.0000E+00
   718   -2.4518E-06    0.0000E+00    3.6773E-06    0.0000E+00
   719   -7.5161E-07    0.0000E+00   -9.1205E-06    0.0000E+00
   720    1.9795E-06    0.0000E+00   -5.4928E-06    0.0000E+00
   721    3.4322E-06    0.0000E+00    9.9700E-06    0.0000E+00
   722   -3.9782E-07    0.0000E+00    5.8765E-06    0.0000E+00
   723   -1.0310E-06    0.0000E+00   -5.0159E-06    0.0000E+00
   724    5.8749E-07    0.0000E+00   -5.6726E-06    0.0000E+00
   725   -2.2304E-07    0.0000E+00    7.2345E-07    0.0000E+00
   726   -8.2828E-07    0.0000E+00    2.8307E-06    0.0000E+00
   727    8.2147E-07    0.0000E+00    1.5349E-06    0.0000E+00
   728    6.0976E-07    0.0000E+00    7.7423E-07    0.0000E+00
   729   -8.8542E-07    0.0000E+00   -1.2424E-06    0.0000E+00
   730   -8.5865E-07    0.0000E+00    3.2414E-07    0.0000E+00
   731   -2.3506E-06    0.0000E+00   -2.1043E-06    0.0000E+00
   732    4.4184E-06    0.0000E+00    6.7733E-07    0.0000E+00
   733    6.3848E-07    0.0000E+00    4.4567E-06    0.0000E+00
   734   -1.8426E-06    0.0000E+00   -1.9655E-06    0.0000E+00
   735   -3.3768E-06    0.0000E+00   -5.3614E-06    0.0000E+00
   736   -2.4134E-06    0.0000E+00   -2.1513E-06    0.0000E+00
   737    5.7364E-06    0.0000E+00    7.8819E-06    0.0000E+00
   738   -5.5283E-06    0.0000E+00   -4.0241E-06    0.0000E+00
   739   -2.4774E-05    0.0000E+00    9.5791E-07    0.0000E+00
   740    3.3681E-05    0.0000E+00    1.0529E-05    0.0000E+00
   741    2.6228E-05    0.0000E+00    1.8663E-05    0.0000E+00
   742   -1.8753E-05    0.0000E+00    6.4230E-06    0.0000E+00
   743   -2.3400E-05    0.0000E+00    2.7664E-06    0.0000E+00
   744   -6.3736E-06    0.0000E+00    7.8547E-06    0.0000E+00
   745    8.4438E-07    0.0000E+00    9.4103E-06    0.0000E+00
   746   -3.9059E-07    0.0000E+00   -2.1737E-06    0.0000E+00
   747   -4.0157E-07    0.0000E+00   -6.7743E-06    0.0000E+00
   748   -3.1868E-06    0.0000E+00    2.5275E-06    0.0000E+00
   749   -4.6235E-07    0.0000E+00    2.6628E-06    0.0000E+00
   750    2.1300E-06    0.0000E+00   -6.5447E-08    0.0000E+00
   751    1.4417E-07    0.0000E+00   -3.1078E-07    0.0000E+00
   752   -1.2492E-06    0.0000E+00   -5.5853E-07    0.0000E+00
   753    1.6909E-06    0.0000E+00    1.7328E-06    0.0000E+00
   754    5.0919E-07    0.0000E+00    1.5063E-06    0.0000E+00
   755   -8.2877E-07    0.0000E+00   -3.6944E-06    0.0000E+00
   756   -7.3158E-07    0.0000E+00    3.5575E-06    0.0000E+00
   757   -7.2568E-07    0.0000E+00   -8.2179E-07    0.0000E+00
   758    6.1681E-07    0.0000E+00   -7.1439E-06    0.0000E+00
   759   -4.2580E-07    0.0000E+00    2.1240E-06    0.0000E+00
   760   -1.9191E-07    0.0000E+00    6.8703E-06    0.0000E+00
   761    1.0847E-07    0.0000E+00   -2.9036E-06    0.0000E+00
   762    3.3078E-07    0.0000E+00   -2.8864E-06    0.0000E+00
   763   -3.1360E-07    0.0000E+00    4.1774E-06    0.0000E+00
   764   -1.1688E-06    0.0000E+00   -5.5620E-07    0.0000E+00
   765    7.6108E-08    0.0000E+00   -5.2895E-06    0.0000E+00
   766    1.1611E-08    0.0000E+00   -4.0464E-06    0.0000E+00
   767    2.1404E-07    0.0000E+00    3.9638E-06    0.0000E+00
   768    6.4338E-07    0.0000E+00    1.2189E-05    0.0000E+00
   769    6.4884E-07    0.0000E+00    5.2360E-06    0.0000E+00
   770    4.7336E-07    0.0000E+00    2.4988E-06    0.0000E+00
   771   -2.1428E-06    0.0000E+00    6.2532E-07    0.0000E+00
   772   -1.1213E-06    0.0000E+00   -1.6104E-06    0.0000E+00
   773    1.4104E-06    0.0000E+00    2.6940E-07    0.0000E+00
   774    6.8928E-07    0.0000E+00   -2.2369E-06    0.0000E+00
   775   -1.0694E-06    0.0000E+00   -2.0749E-06    0.0000E+00
   776   -6.7874E-07    0.0000E+00    1.2046E-06    0.0000E+00
   777    1.3895E-06    0.0000E+00    2.2856E-06    0.0000E+00
   778    1.7744E-06    0.0000E+00    5.3626E-07    0.0000E+00
   779    8.6330E-08    0.0000E+00    4.4606E-07    0.0000E+00
   780   -2.9271E-06    0.0000E+00   -3.0809E-07    0.0000E+00
   781    2.5095E-06    0.0000E+00   -1.4740E-06    0.0000E+00
   782   -2.3662E-06    0.0000E+00    7.7822E-07    0.0000E+00
   783   -1.8529E-06    0.0000E+00   -9.2277E-08    0.0000E+00
   784    3.8688E-06    0.0000E+00   -4.6066E-07    0.0000E+00
   785    3.6562E-06    0.0000E+00   -5.9336E-06    0.0000E+00
   786   -1.2709E-06    0.0000E+00    6.1432E-06    0.0000E+00
   787   -2.5941E-07    0.0000E+00   -8.3712E-06    0.0000E+00
   788   -1.0014E-05    0.0000E+00   -3.4884E-06    0.0000E+00
   789    9.0147E-06    0.0000E+00   -7.4613E-06    0.0000E+00
   790   -2.1594E-05    0.0000E+00    9.3783E-06    0.0000E+00
   791   -1.4509E-05    0.0000E+00    9.6752E-06    0.0000E+00
   792    4.1294E-07    0.0000E+00    7.7340E-07    0.0000E+00
   793    1.4972E-06    0.0000E+00   -2.5842E-06    0.0000E+00
   794   -6.1138E-06    0.0000E+00    1.5879E-06    0.0000E+00
   795   -1.4349E-06    0.0000E+00    1.1057E-06    0.0000E+00
   796    6.0958E-06    0.0000E+00   -1.2412E-06    0.0000E+00
   797    1.2450E-07    0.0000E+00   -7.3554E-07    0.0000E+00
   798   -1.7374E-06    0.0000E+00   -1.2250E-06    0.0000E+00
   799    3.5387E-07    0.0000E+00    6.3677E-07    0.0000E+00
   800   -6.0637E-07    0.0000E+00    1.4858E-06    0.0000E+00
   801   -1.6964E-06    0.0000E+00   -8.0711E-07    0.0000E+00
   802    8.2205E-07    0.0000E+00   -1.2652E-06    0.0000E+00
   803    1.1230E-06    0.0000E+00    7.6785E-07    0.0000E+00
   804    3.7247E-07    0.0000E+00   -1.4765E-06    0.0000E+00
   805   -1.1434E-06    0.0000E+00    2.3664E-06    0.0000E+00
   806   -6.3493E-07    0.0000E+00    4.8572E-07    0.0000E+00
   807    2.0623E-06    0.0000E+00   -8.5906E-07    0.0000E+00
   808    3.2602E-07    0.0000E+00   -3.1397E-07    0.0000E+00
   809   -9.5629E-07    0.0000E+00    3.0911E-06    0.0000E+00
   810    1.4311E-07    0.0000E+00    1.5875E-06    0.0000E+00
   811    9.2720E-08    0.0000E+00    3.1952E-06    0.0000E+00
   812    1.6642E-06    0.0000E+00   -7.2824E-06    0.0000E+00
   813   -2.0724E-06    0.0000E+00    1.5845E-05    0.0000E+00
   814    1.6422E-06    0.0000E+00   -1.0562E-05    0.0000E+00
   815   -3.6445E-06    0.0000E+00    5.3166E-06    0.0000E+00
   816   -1.5168E-06    0.0000E+00   -6.4867E-06    0.0000E+00
   817    2.2013E-06    0.0000E+00   -8.9718E-06    0.0000E+00
   818    8.8651E-07    0.0000E+00   -3.3633E-07    0.0000E+00
   819   -1.9618E-06    0.0000E+00    4.4481E-06    0.0000E+00
   820   -2.1851E-06    0.0000E+00    7.4875E-07    0.0000E+00
   821    6.1821E-07    0.0000E+00   -1.5162E-06    0.0000E+00
   822    1.0691E-06    0.0000E+00    2.0103E-07    0.0000E+00
   823   -1.4632E-07    0.0000E+00   -7.3654E-07    0.0000E+00
   824   -5.2964E-08    0.0000E+00   -7.2623E-07    0.0000E+00
   825    1.0139E-06    0.0000E+00    1.7070E-08    0.0000E+00
   826   -3.6114E-07    0.0000E+00    1.3006E-06    0.0000E+00
   827   -8.3439E-07    0.0000E+00    7.6515E-07    0.0000E+00
   828   -7.8027E-07    0.0000E+00   -5.7923E-08    0.0000E+00
   829    7.1833E-07    0.0000E+00   -2.9761E-07    0.0000E+00
   830    1.1196E-06    0.0000E+00   -3.5686E-07    0.0000E+00
   831   -1.0396E-06    0.0000E+00    1.2227E-07    0.0000E+00
   832    3.0434E-07    0.0000E+00   -1.0737E-06    0.0000E+00
   833    6.2410E-07    0.0000E+00   -1.3160E-07    0.0000E+00
   834    5.4632E-07    0.0000E+00    5.3145E-07    0.0000E+00
   835    6.5668E-06    0.0000E+00    2.0119E-06    0.0000E+00
   836   -1.1813E-05    0.0000E+00    9.6983E-07    0.0000E+00
   837    9.4667E-06    0.0000E+00    3.1597E-08    0.0000E+00
   838    1.2321E-05    0.0000E+00   -3.3195E-06    0.0000E+00
   839   -2.0444E-06    0.0000E+00   -1.7766E-06    0.0000E+00
   840   -1.2618E-05    0.0000E+00    1.1943E-06    0.0000E+00
   841   -1.0259E-05    0.0000E+00    2.0155E-06    0.0000E+00
   842   -5.3667E-06    0.0000E+00   -1.1072E-07    0.0000E+00
   843   -4.9186E-06    0.0000E+00   -6.4807E-07    0.0000E+00
   844   -3.4620E-06    0.0000E+00   -1.1402E-06    0.0000E+00
   845   -1.7021E-06    0.0000E+00   -9.6288E-07    0.0000E+00
   846    5.9003E-08    0.0000E+00    9.8809E-07    0.0000E+00
   847    9.0037E-07    0.0000E+00    1.0843E-06    0.0000E+00
   848   -3.3991E-07    0.0000E+00   -4.6533E-07    0.0000E+00
   849   -1.2209E-06    0.0000E+00   -2.8990E-09    0.0000E+00
   850    3.8250E-07    0.0000E+00    1.0046E-06    0.0000E+00
   851    9.9526E-07    0.0000E+00    2.9674E-07    0.0000E+00
   852   -9.7038E-07    0.0000E+00    1.0089E-06    0.0000E+00
   853   -9.4840E-07    0.0000E+00   -7.8800E-07    0.0000E+00
   854    6.0772E-07    0.0000E+00   -1.1307E-06    0.0000E+00
   855    6.1986E-07    0.0000E+00    6.0630E-08    0.0000E+00
   856    1.6161E-07    0.0000E+00   -7.0822E-07    0.0000E+00
   857   -5.7699E-07    0.0000E+00    1.1122E-06    0.0000E+00
   858   -2.7456E-07    0.0000E+00    2.2234E-07    0.0000E+00
