           2  -1.5773347545792291     
           3  -1.6003047392337604     
           4  -1.6163188379156546     
           5  -1.6293891305707773     
           6  -1.6407756897450176     
           7  -1.6510094440931007     
           8  -1.6603966774434789     
           9  -1.6691307058318028     
          10  -1.6773418923383678     
          11  -1.6851215033068845     
          12  -1.6925366564810325     
          13  -1.6996390234402001     
          14  -1.7064695875878553     
          15  -1.7130620991310916     
          16  -1.7194434201645790     
          17  -1.7256363602236322     
          18  -1.7316599660511969     
          19  -1.7375301512414165     
          20  -1.7432611219927745     
          21  -1.7488649087126820     
          22  -1.7543521523418826     
          23  -1.7597319629168093     
          24  -1.7650126317131449     
          25  -1.7702015821378798     
          26  -1.7753049306434325     
          27  -1.7803293409983292     
          28  -1.7852798007663282     
          29  -1.7901607503291981     
          30  -1.7949763038317588     
          31  -1.7997307920701959     
          32  -1.8044276241441801     
          33  -1.8090697304830758     
          34  -1.8136606680059355     
          35  -1.8182028268977053     
          36  -1.8226989969224530     
          37  -1.8271514082659084     
          38  -1.8315623114076254     
          39  -1.8359338009886625     
          40  -1.8402679555931314     
          41  -1.8445658824264344     
          42  -1.8488295455453667     
          43  -1.8530608347647328     
          44  -1.8572606151114956     
          45  -1.8614303814515396     
          46  -1.8655718514163926     
          47  -1.8696855470494380     
          48  -1.8737732878728095     
          49  -1.8778359618605083     
          50  -1.8818744617102727     
          51  -1.8858895984241471     
          52  -1.8898827529222113     
          53  -1.8938541098198891     
          54  -1.8978051666268436     
          55  -1.9017363572740780     
          56  -1.9056482854139176     
          57  -1.9095417518109865     
          58  -1.9134179429747715     
          59  -1.9172767230821759     
          60  -1.9211191680677455     
          61  -1.9249459560635762     
          62  -1.9287577714100748     
          63  -1.9325549828648394     
          64  -1.9363394412282757     
          65  -1.9401093352164667     
          66  -1.9438666995983573     
          67  -1.9476111789051074     
          68  -1.9513430604532511     
          69  -1.9550638730338927     
          70  -1.9587748817309540     
          71  -1.9624726467492934     
          72  -1.9661584624537851     
          73  -1.9698339362473036     
          74  -1.9734999957437094     
          75  -1.9771580079309519     
          76  -1.9808097453579598     
          77  -1.9844510834392066     
          78  -1.9880847282535175     
          79  -1.9917108285465110     
          80  -1.9953297726250907     
          81  -1.9989427748794817     
          82  -2.0025508060147055     
          83  -2.0061497749359547     
          84  -2.0097440404020235     
          85  -2.0133334135673451     
          86  -2.0169186459943567     
          87  -2.0204995808468578     
          88  -2.0240754824453897     
          89  -2.0276462940017907     
          90  -2.0312198684735199     
          91  -2.0347935742977925     
          92  -2.0383678719861416     
          93  -2.0419381571966633     
          94  -2.0455000704117428     
          95  -2.0490554224277679     
          96  -2.0526336791566857     
          97  -2.0561755392617038     
          98  -2.0596973287284359     
          99  -2.0631848217240898     
         100  -2.0666198436442929     
         101  -2.0699913459565136     
