  VMEC2000 V8.51
     MN       GMNC         GMNS           BMNC          BMNS
     1   -8.5173E-03    0.0000E+00    9.3937E-01    0.0000E+00
     2   -1.3424E-03    0.0000E+00    2.3739E-02    0.0000E+00
     3    1.5208E-05    0.0000E+00   -1.9414E-02    0.0000E+00
     4   -9.0258E-06    0.0000E+00   -6.2281E-03    0.0000E+00
     5    2.5511E-06    0.0000E+00    5.9849E-04    0.0000E+00
     6   -1.2543E-05    0.0000E+00   -1.8857E-03    0.0000E+00
     7    1.0461E-05    0.0000E+00    1.2971E-03    0.0000E+00
     8   -3.2933E-06    0.0000E+00   -9.4283E-05    0.0000E+00
     9    1.1441E-06    0.0000E+00    1.5781E-04    0.0000E+00
    10   -2.2727E-06    0.0000E+00    3.2084E-05    0.0000E+00
    11    4.0449E-06    0.0000E+00    2.1535E-04    0.0000E+00
    12    5.0243E-06    0.0000E+00    5.1724E-04    0.0000E+00
    13   -2.6141E-06    0.0000E+00   -1.4734E-04    0.0000E+00
    14   -1.7429E-06    0.0000E+00   -2.2341E-04    0.0000E+00
    15    2.4689E-06    0.0000E+00    2.6574E-04    0.0000E+00
    16    2.0310E-06    0.0000E+00    2.0677E-04    0.0000E+00
    17    6.3508E-07    0.0000E+00    9.2765E-05    0.0000E+00
    18    1.4711E-08    0.0000E+00    2.5877E-05    0.0000E+00
    19   -5.5357E-08    0.0000E+00   -3.3253E-05    0.0000E+00
    20    1.4214E-08    0.0000E+00    1.0901E-04    0.0000E+00
    21    3.1143E-07    0.0000E+00    6.4459E-05    0.0000E+00
    22   -1.2304E-07    0.0000E+00    5.4916E-05    0.0000E+00
    23    6.3350E-07    0.0000E+00    1.2678E-04    0.0000E+00
    24    3.6790E-06    0.0000E+00    6.2079E-04    0.0000E+00
    25   -2.9752E-06    0.0000E+00   -7.3106E-04    0.0000E+00
    26    1.3330E-06    0.0000E+00    2.1627E-04    0.0000E+00
    27   -3.2789E-06    0.0000E+00    2.8471E-04    0.0000E+00
    28    2.8649E-06    0.0000E+00    1.0047E-04    0.0000E+00
    29    4.5221E-06    0.0000E+00   -5.8849E-07    0.0000E+00
    30   -1.0528E-05    0.0000E+00   -2.6320E-05    0.0000E+00
    31    1.7723E-07    0.0000E+00   -8.5093E-06    0.0000E+00
    32   -1.3531E-05    0.0000E+00   -6.8984E-06    0.0000E+00
    33   -8.7279E-07    0.0000E+00    1.5540E-05    0.0000E+00
    34    5.6129E-06    0.0000E+00    1.4658E-05    0.0000E+00
    35   -1.3012E-05    0.0000E+00   -2.9118E-05    0.0000E+00
    36    3.0835E-06    0.0000E+00   -3.9312E-04    0.0000E+00
    37   -8.2175E-06    0.0000E+00   -1.0344E-03    0.0000E+00
    38   -1.5850E-05    0.0000E+00   -9.9919E-04    0.0000E+00
    39    5.7543E-06    0.0000E+00    2.9866E-04    0.0000E+00
    40   -1.7670E-05    0.0000E+00    9.0466E-04    0.0000E+00
    41   -2.7150E-05    0.0000E+00   -3.6328E-04    0.0000E+00
    42    1.5042E-05    0.0000E+00   -5.5614E-05    0.0000E+00
    43   -1.4563E-05    0.0000E+00   -1.9190E-04    0.0000E+00
    44   -4.7342E-05    0.0000E+00   -2.4565E-04    0.0000E+00
    45    2.0094E-05    0.0000E+00    6.1740E-04    0.0000E+00
    46   -2.9152E-05    0.0000E+00   -1.0317E-03    0.0000E+00
    47    8.2989E-05    0.0000E+00    5.1480E-04    0.0000E+00
    48   -7.6039E-05    0.0000E+00   -2.7482E-03    0.0000E+00
    49    4.2288E-04    0.0000E+00   -9.0138E-04    0.0000E+00
    50    9.4191E-05    0.0000E+00    1.4592E-02    0.0000E+00
    51   -4.9306E-04    0.0000E+00   -8.9363E-02    0.0000E+00
    52   -2.0471E-04    0.0000E+00   -1.2405E-02    0.0000E+00
    53    1.0539E-05    0.0000E+00    1.7285E-03    0.0000E+00
    54   -3.5085E-05    0.0000E+00    1.6683E-04    0.0000E+00
    55   -1.0900E-05    0.0000E+00   -7.9365E-04    0.0000E+00
    56    1.6328E-05    0.0000E+00    1.3194E-04    0.0000E+00
    57   -5.0849E-05    0.0000E+00    7.5159E-05    0.0000E+00
    58   -8.5209E-06    0.0000E+00   -1.1167E-04    0.0000E+00
    59    1.1129E-05    0.0000E+00    1.9584E-04    0.0000E+00
    60   -2.4068E-05    0.0000E+00   -3.8195E-04    0.0000E+00
    61   -6.7403E-06    0.0000E+00    1.8275E-04    0.0000E+00
    62    4.9803E-06    0.0000E+00   -4.4905E-05    0.0000E+00
    63   -1.0874E-05    0.0000E+00    1.6224E-05    0.0000E+00
    64    8.0735E-06    0.0000E+00    4.2153E-04    0.0000E+00
    65   -2.1554E-06    0.0000E+00    3.1078E-04    0.0000E+00
    66   -1.0960E-05    0.0000E+00    8.0888E-05    0.0000E+00
    67    6.9312E-06    0.0000E+00   -1.2491E-05    0.0000E+00
    68   -5.1313E-06    0.0000E+00   -7.4102E-06    0.0000E+00
    69    1.3344E-06    0.0000E+00   -1.3662E-06    0.0000E+00
    70   -3.7498E-06    0.0000E+00   -9.1394E-06    0.0000E+00
    71   -8.2105E-06    0.0000E+00    2.0299E-05    0.0000E+00
    72   -1.3620E-06    0.0000E+00    8.6128E-05    0.0000E+00
    73    9.9314E-07    0.0000E+00   -2.3217E-04    0.0000E+00
    74   -2.7980E-05    0.0000E+00   -1.3158E-03    0.0000E+00
    75    2.1152E-06    0.0000E+00    4.3144E-04    0.0000E+00
    76   -1.0534E-06    0.0000E+00   -1.7791E-04    0.0000E+00
    77   -2.1471E-06    0.0000E+00   -9.7087E-05    0.0000E+00
    78   -1.5205E-06    0.0000E+00   -9.1370E-05    0.0000E+00
    79    1.3455E-06    0.0000E+00    3.2287E-05    0.0000E+00
    80    8.7865E-07    0.0000E+00   -7.7744E-05    0.0000E+00
    81    1.2875E-06    0.0000E+00    1.2417E-05    0.0000E+00
    82    2.6129E-06    0.0000E+00   -7.1001E-05    0.0000E+00
    83   -1.3024E-06    0.0000E+00   -6.7108E-07    0.0000E+00
    84    1.9831E-06    0.0000E+00    3.7553E-05    0.0000E+00
    85    9.5091E-07    0.0000E+00   -2.5308E-04    0.0000E+00
    86   -5.0023E-06    0.0000E+00   -6.5576E-04    0.0000E+00
    87   -7.0593E-06    0.0000E+00   -1.1820E-03    0.0000E+00
    88   -9.9401E-06    0.0000E+00   -7.4994E-04    0.0000E+00
    89    2.3891E-06    0.0000E+00    8.8447E-04    0.0000E+00
    90    1.7192E-05    0.0000E+00    8.0239E-04    0.0000E+00
    91   -5.1676E-06    0.0000E+00   -1.2598E-03    0.0000E+00
    92   -3.9246E-06    0.0000E+00    5.2929E-04    0.0000E+00
    93    8.8904E-06    0.0000E+00   -5.7069E-04    0.0000E+00
    94    6.7289E-06    0.0000E+00   -1.5176E-04    0.0000E+00
    95   -2.2749E-06    0.0000E+00    2.4029E-04    0.0000E+00
    96   -7.4386E-06    0.0000E+00   -6.9932E-04    0.0000E+00
    97   -1.8177E-05    0.0000E+00    6.0438E-04    0.0000E+00
    98   -3.1693E-05    0.0000E+00    2.7053E-04    0.0000E+00
    99   -1.6174E-04    0.0000E+00    2.7862E-03    0.0000E+00
   100   -2.2115E-04    0.0000E+00   -1.7610E-03    0.0000E+00
   101    5.7392E-05    0.0000E+00    4.0755E-03    0.0000E+00
   102    1.4232E-05    0.0000E+00   -4.4231E-04    0.0000E+00
   103   -4.3628E-06    0.0000E+00    1.9674E-04    0.0000E+00
   104    8.3579E-06    0.0000E+00    7.1025E-05    0.0000E+00
   105   -5.3508E-06    0.0000E+00   -1.7357E-05    0.0000E+00
   106    9.0332E-06    0.0000E+00    4.3559E-04    0.0000E+00
   107    7.0534E-06    0.0000E+00   -4.7013E-04    0.0000E+00
   108   -9.3788E-07    0.0000E+00    1.4825E-04    0.0000E+00
   109   -2.8123E-06    0.0000E+00   -2.7981E-04    0.0000E+00
   110    7.8148E-06    0.0000E+00    1.2693E-04    0.0000E+00
   111    1.6385E-07    0.0000E+00   -7.6520E-05    0.0000E+00
   112    1.8766E-07    0.0000E+00    1.6390E-04    0.0000E+00
   113    8.3135E-07    0.0000E+00   -1.1743E-04    0.0000E+00
   114   -2.6787E-06    0.0000E+00   -3.1230E-04    0.0000E+00
   115    2.9573E-07    0.0000E+00   -3.3871E-04    0.0000E+00
   116   -8.6870E-07    0.0000E+00   -1.7053E-04    0.0000E+00
   117   -6.0121E-07    0.0000E+00    3.3442E-05    0.0000E+00
   118    5.3991E-07    0.0000E+00   -3.4082E-06    0.0000E+00
   119   -1.0913E-07    0.0000E+00    2.9361E-05    0.0000E+00
   120    2.1087E-06    0.0000E+00   -6.0867E-05    0.0000E+00
   121    1.5987E-06    0.0000E+00   -9.4018E-05    0.0000E+00
   122   -3.9281E-06    0.0000E+00   -3.0207E-04    0.0000E+00
   123    1.8307E-07    0.0000E+00    4.5776E-04    0.0000E+00
   124   -1.9051E-07    0.0000E+00    2.0216E-04    0.0000E+00
   125   -1.6699E-06    0.0000E+00   -1.6817E-04    0.0000E+00
   126   -2.2843E-06    0.0000E+00    4.9106E-06    0.0000E+00
   127    1.4252E-07    0.0000E+00    9.2553E-06    0.0000E+00
   128   -1.1256E-06    0.0000E+00    7.2489E-06    0.0000E+00
   129   -2.8103E-07    0.0000E+00   -1.5403E-05    0.0000E+00
   130    5.7804E-08    0.0000E+00    1.8988E-06    0.0000E+00
   131   -1.0037E-06    0.0000E+00   -1.5264E-06    0.0000E+00
   132    7.8706E-08    0.0000E+00    2.1075E-05    0.0000E+00
   133    1.4474E-07    0.0000E+00    1.3071E-05    0.0000E+00
   134   -8.8926E-07    0.0000E+00   -1.3495E-06    0.0000E+00
   135    4.7306E-07    0.0000E+00   -1.0660E-04    0.0000E+00
   136   -2.7812E-06    0.0000E+00   -4.2153E-04    0.0000E+00
   137   -5.1866E-06    0.0000E+00   -6.0499E-04    0.0000E+00
   138   -3.0366E-06    0.0000E+00   -2.1744E-04    0.0000E+00
   139    2.2114E-06    0.0000E+00    7.7263E-04    0.0000E+00
   140    1.1173E-06    0.0000E+00    1.4165E-04    0.0000E+00
   141   -2.2617E-06    0.0000E+00   -5.4748E-04    0.0000E+00
   142    1.1779E-06    0.0000E+00    3.2932E-04    0.0000E+00
   143   -8.5955E-06    0.0000E+00   -4.3455E-04    0.0000E+00
   144   -2.4953E-08    0.0000E+00    2.5343E-04    0.0000E+00
   145    2.1765E-05    0.0000E+00   -1.2121E-04    0.0000E+00
   146   -2.1350E-05    0.0000E+00   -4.0446E-05    0.0000E+00
   147    2.1530E-05    0.0000E+00   -1.6820E-04    0.0000E+00
   148   -1.0258E-06    0.0000E+00   -1.8722E-03    0.0000E+00
   149   -4.1299E-05    0.0000E+00    2.9517E-04    0.0000E+00
   150   -2.7638E-04    0.0000E+00   -3.5866E-03    0.0000E+00
   151   -3.2164E-05    0.0000E+00    1.8517E-03    0.0000E+00
   152    4.6332E-06    0.0000E+00    4.2023E-04    0.0000E+00
   153   -4.4552E-06    0.0000E+00   -2.4238E-04    0.0000E+00
   154   -5.2795E-07    0.0000E+00   -9.8485E-06    0.0000E+00
   155    6.2827E-07    0.0000E+00   -2.6784E-06    0.0000E+00
   156   -3.3384E-06    0.0000E+00   -5.3725E-05    0.0000E+00
   157   -5.5760E-07    0.0000E+00    1.0581E-04    0.0000E+00
   158    1.4156E-07    0.0000E+00   -3.2599E-05    0.0000E+00
   159   -1.6213E-06    0.0000E+00   -5.9988E-05    0.0000E+00
   160   -2.2761E-07    0.0000E+00    1.6490E-04    0.0000E+00
   161   -5.0214E-07    0.0000E+00   -8.2423E-05    0.0000E+00
   162   -7.2012E-07    0.0000E+00   -1.3205E-04    0.0000E+00
   163    5.1911E-07    0.0000E+00    1.3353E-04    0.0000E+00
   164    1.4133E-07    0.0000E+00    2.3954E-04    0.0000E+00
   165    5.3402E-07    0.0000E+00    1.7917E-04    0.0000E+00
   166    7.1961E-07    0.0000E+00    5.5337E-05    0.0000E+00
   167   -6.1348E-07    0.0000E+00   -1.8011E-05    0.0000E+00
   168    3.0509E-07    0.0000E+00   -4.2516E-06    0.0000E+00
   169   -6.6041E-07    0.0000E+00   -1.7660E-05    0.0000E+00
   170   -5.3669E-08    0.0000E+00    8.7644E-05    0.0000E+00
   171    1.2095E-06    0.0000E+00    1.1896E-04    0.0000E+00
   172    1.7174E-06    0.0000E+00    3.8775E-04    0.0000E+00
   173    7.5371E-08    0.0000E+00   -2.9048E-04    0.0000E+00
   174    2.6954E-06    0.0000E+00    8.8105E-05    0.0000E+00
   175    1.9598E-06    0.0000E+00    2.5697E-05    0.0000E+00
   176    3.1308E-06    0.0000E+00    3.2196E-06    0.0000E+00
   177    1.7840E-06    0.0000E+00    1.4507E-05    0.0000E+00
   178   -3.7197E-07    0.0000E+00    2.3764E-05    0.0000E+00
   179   -2.6566E-07    0.0000E+00   -1.2947E-05    0.0000E+00
   180   -6.3086E-07    0.0000E+00   -2.4309E-06    0.0000E+00
   181   -8.2706E-07    0.0000E+00   -1.2572E-05    0.0000E+00
   182    2.2851E-07    0.0000E+00    9.1411E-06    0.0000E+00
   183   -6.6791E-07    0.0000E+00    2.4462E-05    0.0000E+00
   184   -5.2050E-08    0.0000E+00    1.9027E-05    0.0000E+00
   185   -2.2455E-08    0.0000E+00   -3.7214E-05    0.0000E+00
   186   -2.1204E-06    0.0000E+00   -1.8881E-04    0.0000E+00
   187   -1.2436E-06    0.0000E+00   -2.8192E-04    0.0000E+00
   188    3.2781E-07    0.0000E+00    3.2594E-05    0.0000E+00
   189    1.2859E-07    0.0000E+00    3.9774E-04    0.0000E+00
   190   -2.4604E-06    0.0000E+00   -2.8504E-04    0.0000E+00
   191    1.7334E-06    0.0000E+00   -3.7598E-05    0.0000E+00
   192   -2.0071E-06    0.0000E+00    7.0337E-05    0.0000E+00
   193   -4.0534E-06    0.0000E+00   -1.9415E-04    0.0000E+00
   194    1.5716E-06    0.0000E+00    1.2468E-04    0.0000E+00
   195   -3.5602E-05    0.0000E+00   -5.1481E-05    0.0000E+00
   196    7.1702E-05    0.0000E+00    1.3081E-04    0.0000E+00
   197   -7.0686E-06    0.0000E+00    1.4512E-04    0.0000E+00
   198    6.7107E-05    0.0000E+00    5.2318E-04    0.0000E+00
   199    1.3273E-04    0.0000E+00    4.0397E-04    0.0000E+00
   200    7.4402E-05    0.0000E+00   -2.4230E-04    0.0000E+00
   201    1.8016E-05    0.0000E+00    4.4194E-05    0.0000E+00
   202   -6.9929E-06    0.0000E+00   -1.9001E-04    0.0000E+00
   203   -4.8804E-06    0.0000E+00   -3.0076E-05    0.0000E+00
   204    8.2847E-07    0.0000E+00   -5.6253E-05    0.0000E+00
   205   -5.9246E-07    0.0000E+00    6.2361E-05    0.0000E+00
   206   -2.5430E-06    0.0000E+00   -8.5885E-05    0.0000E+00
   207    1.1586E-06    0.0000E+00    2.7000E-05    0.0000E+00
   208   -1.0614E-06    0.0000E+00   -5.1142E-06    0.0000E+00
   209   -1.4122E-06    0.0000E+00    1.5442E-05    0.0000E+00
   210    9.7842E-08    0.0000E+00   -1.1267E-04    0.0000E+00
   211    4.7409E-08    0.0000E+00    8.8577E-05    0.0000E+00
   212   -7.1390E-08    0.0000E+00    1.2912E-05    0.0000E+00
   213    9.8280E-08    0.0000E+00   -1.3124E-04    0.0000E+00
   214   -7.2947E-07    0.0000E+00   -1.5361E-04    0.0000E+00
   215   -1.1541E-07    0.0000E+00   -7.0196E-05    0.0000E+00
   216    1.7452E-09    0.0000E+00    5.5678E-07    0.0000E+00
   217    1.3424E-07    0.0000E+00   -1.4996E-05    0.0000E+00
   218    4.1348E-08    0.0000E+00    1.9853E-05    0.0000E+00
   219   -5.7170E-07    0.0000E+00   -1.2866E-05    0.0000E+00
   220   -1.1730E-06    0.0000E+00   -9.8776E-05    0.0000E+00
   221    6.6209E-08    0.0000E+00   -8.8566E-05    0.0000E+00
   222   -6.1828E-07    0.0000E+00   -1.2361E-04    0.0000E+00
   223    1.1463E-06    0.0000E+00    1.9424E-04    0.0000E+00
   224    7.6051E-07    0.0000E+00   -4.5815E-05    0.0000E+00
   225    1.3301E-06    0.0000E+00    3.1688E-06    0.0000E+00
   226   -7.5007E-07    0.0000E+00    4.5799E-06    0.0000E+00
   227    3.8083E-07    0.0000E+00    2.1300E-06    0.0000E+00
   228    9.8818E-07    0.0000E+00    8.9942E-06    0.0000E+00
   229   -9.2308E-08    0.0000E+00   -3.6109E-06    0.0000E+00
   230    1.0451E-06    0.0000E+00   -6.3111E-06    0.0000E+00
   231    7.5951E-07    0.0000E+00    2.6222E-06    0.0000E+00
   232    1.8768E-07    0.0000E+00    5.6157E-06    0.0000E+00
   233    1.0276E-06    0.0000E+00    7.0263E-06    0.0000E+00
   234   -4.1066E-07    0.0000E+00    1.2803E-05    0.0000E+00
   235   -1.1019E-07    0.0000E+00   -2.8055E-05    0.0000E+00
   236    8.0889E-07    0.0000E+00   -9.0850E-05    0.0000E+00
   237   -1.7453E-06    0.0000E+00   -9.5601E-05    0.0000E+00
   238    1.1703E-06    0.0000E+00    7.0466E-05    0.0000E+00
   239    5.3982E-06    0.0000E+00    1.3527E-04    0.0000E+00
   240   -2.7067E-06    0.0000E+00   -2.2267E-04    0.0000E+00
   241    3.7611E-07    0.0000E+00    9.4681E-05    0.0000E+00
   242    3.0072E-06    0.0000E+00   -7.1750E-06    0.0000E+00
   243    1.4993E-05    0.0000E+00   -1.7166E-05    0.0000E+00
   244   -2.7534E-05    0.0000E+00   -5.2053E-05    0.0000E+00
   245    2.0871E-05    0.0000E+00   -8.2643E-06    0.0000E+00
   246   -6.3556E-05    0.0000E+00    7.5853E-05    0.0000E+00
   247    2.3181E-05    0.0000E+00    1.0462E-04    0.0000E+00
   248    5.7999E-05    0.0000E+00   -2.1356E-04    0.0000E+00
   249   -6.0251E-06    0.0000E+00   -1.0204E-04    0.0000E+00
   250    4.8520E-06    0.0000E+00    2.6300E-04    0.0000E+00
   251    5.0904E-06    0.0000E+00   -2.7379E-05    0.0000E+00
   252    6.7068E-06    0.0000E+00   -1.2714E-05    0.0000E+00
   253    2.9294E-06    0.0000E+00   -3.9145E-06    0.0000E+00
   254   -7.7724E-08    0.0000E+00    2.5440E-05    0.0000E+00
   255    1.2082E-06    0.0000E+00   -1.8752E-06    0.0000E+00
   256    2.0153E-06    0.0000E+00    1.6481E-05    0.0000E+00
   257    1.3350E-06    0.0000E+00   -1.0370E-05    0.0000E+00
   258    1.6049E-06    0.0000E+00   -1.1084E-05    0.0000E+00
   259    4.3567E-07    0.0000E+00    3.6327E-05    0.0000E+00
   260    1.1782E-08    0.0000E+00    2.3974E-05    0.0000E+00
   261    9.2448E-07    0.0000E+00   -2.5355E-05    0.0000E+00
   262    4.2381E-07    0.0000E+00    3.9987E-05    0.0000E+00
   263    3.6484E-07    0.0000E+00    8.5858E-05    0.0000E+00
   264    2.2864E-07    0.0000E+00    5.9724E-05    0.0000E+00
   265    2.7594E-07    0.0000E+00    2.0325E-05    0.0000E+00
   266    8.9882E-07    0.0000E+00   -2.3967E-06    0.0000E+00
   267    1.4018E-07    0.0000E+00    7.5812E-06    0.0000E+00
   268    6.7094E-08    0.0000E+00    8.6404E-06    0.0000E+00
   269    4.3868E-07    0.0000E+00    6.5911E-06    0.0000E+00
   270   -5.8050E-08    0.0000E+00    8.8063E-05    0.0000E+00
   271    2.9861E-07    0.0000E+00   -2.3909E-07    0.0000E+00
   272   -2.6559E-06    0.0000E+00   -3.7362E-05    0.0000E+00
   273   -1.9821E-06    0.0000E+00    7.5786E-05    0.0000E+00
   274   -2.5252E-06    0.0000E+00   -4.6294E-06    0.0000E+00
   275   -4.1896E-06    0.0000E+00   -9.1636E-06    0.0000E+00
   276   -1.9908E-06    0.0000E+00    6.6828E-06    0.0000E+00
   277   -3.0780E-07    0.0000E+00    8.1611E-06    0.0000E+00
   278   -9.6224E-07    0.0000E+00   -7.2417E-06    0.0000E+00
   279    2.5806E-07    0.0000E+00   -3.0439E-06    0.0000E+00
   280   -3.3009E-07    0.0000E+00   -7.6140E-07    0.0000E+00
   281   -1.0196E-06    0.0000E+00    3.0842E-07    0.0000E+00
   282    8.8526E-07    0.0000E+00    2.7816E-06    0.0000E+00
   283   -8.9207E-07    0.0000E+00    3.9566E-06    0.0000E+00
   284   -7.0738E-07    0.0000E+00   -2.9929E-06    0.0000E+00
   285    3.1316E-07    0.0000E+00   -5.1454E-06    0.0000E+00
   286   -2.3259E-06    0.0000E+00   -2.0359E-05    0.0000E+00
   287   -1.0997E-06    0.0000E+00   -3.4467E-05    0.0000E+00
   288    1.1525E-06    0.0000E+00    3.1935E-05    0.0000E+00
   289   -3.8073E-06    0.0000E+00    2.2555E-05    0.0000E+00
   290   -2.1077E-06    0.0000E+00   -8.2253E-05    0.0000E+00
   291   -1.1433E-06    0.0000E+00    4.4310E-05    0.0000E+00
   292    5.1639E-08    0.0000E+00   -3.4648E-06    0.0000E+00
   293   -2.3707E-05    0.0000E+00    2.2021E-07    0.0000E+00
   294    8.4044E-05    0.0000E+00    2.4375E-05    0.0000E+00
   295   -5.5116E-05    0.0000E+00   -3.7029E-05    0.0000E+00
   296   -6.8466E-05    0.0000E+00   -1.6645E-04    0.0000E+00
   297   -3.4404E-05    0.0000E+00    5.4089E-05    0.0000E+00
   298    1.0231E-05    0.0000E+00    1.5697E-04    0.0000E+00
   299   -7.4417E-06    0.0000E+00   -5.4969E-05    0.0000E+00
   300   -1.5979E-05    0.0000E+00    1.7610E-05    0.0000E+00
   301   -3.7757E-06    0.0000E+00    5.9828E-06    0.0000E+00
   302   -1.2773E-06    0.0000E+00    1.0933E-05    0.0000E+00
   303   -3.7657E-06    0.0000E+00    9.7851E-06    0.0000E+00
   304    9.5993E-07    0.0000E+00    1.3634E-06    0.0000E+00
   305   -9.4422E-07    0.0000E+00   -1.3603E-05    0.0000E+00
   306   -4.8671E-06    0.0000E+00    9.5307E-06    0.0000E+00
   307   -1.3323E-06    0.0000E+00    8.1336E-06    0.0000E+00
   308   -3.2417E-07    0.0000E+00   -5.4378E-06    0.0000E+00
   309   -1.4646E-06    0.0000E+00   -2.1522E-05    0.0000E+00
   310    1.0849E-07    0.0000E+00   -1.0880E-06    0.0000E+00
   311   -9.7219E-07    0.0000E+00   -8.1259E-06    0.0000E+00
   312   -7.2932E-07    0.0000E+00   -3.0927E-05    0.0000E+00
   313    3.4562E-07    0.0000E+00   -3.8996E-05    0.0000E+00
   314   -9.9638E-07    0.0000E+00   -2.3368E-05    0.0000E+00
   315   -8.9246E-07    0.0000E+00    1.1699E-05    0.0000E+00
   316   -1.5588E-06    0.0000E+00   -2.0774E-05    0.0000E+00
   317   -2.6225E-07    0.0000E+00    1.5353E-05    0.0000E+00
   318   -5.3754E-08    0.0000E+00   -3.0031E-05    0.0000E+00
   319   -2.6133E-07    0.0000E+00   -3.9175E-05    0.0000E+00
   320   -1.7673E-06    0.0000E+00    7.4957E-06    0.0000E+00
   321    3.3977E-08    0.0000E+00    6.5844E-06    0.0000E+00
   322    5.4541E-08    0.0000E+00   -2.8176E-05    0.0000E+00
   323   -6.2686E-07    0.0000E+00   -2.5921E-05    0.0000E+00
   324   -1.3079E-09    0.0000E+00   -2.1522E-06    0.0000E+00
   325    1.2474E-06    0.0000E+00   -2.6373E-05    0.0000E+00
   326    3.3585E-07    0.0000E+00   -6.9415E-06    0.0000E+00
   327   -1.4742E-06    0.0000E+00    5.3738E-06    0.0000E+00
   328    6.6077E-07    0.0000E+00   -4.9892E-06    0.0000E+00
   329    5.8591E-10    0.0000E+00    4.1001E-06    0.0000E+00
   330   -8.7817E-07    0.0000E+00    1.3706E-06    0.0000E+00
   331    1.8991E-07    0.0000E+00   -2.8564E-06    0.0000E+00
   332   -1.2313E-06    0.0000E+00    3.8824E-06    0.0000E+00
   333    6.5744E-07    0.0000E+00    4.2114E-06    0.0000E+00
   334    1.4249E-06    0.0000E+00    4.4119E-06    0.0000E+00
   335   -2.7892E-06    0.0000E+00   -2.1898E-06    0.0000E+00
   336   -1.4969E-06    0.0000E+00   -8.4270E-06    0.0000E+00
   337    3.7666E-06    0.0000E+00   -8.0762E-07    0.0000E+00
   338   -1.1122E-06    0.0000E+00    6.8828E-06    0.0000E+00
   339   -1.6099E-06    0.0000E+00   -1.4530E-05    0.0000E+00
   340    1.2543E-06    0.0000E+00   -1.5343E-05    0.0000E+00
   341    4.4070E-06    0.0000E+00    1.1359E-05    0.0000E+00
   342   -1.5894E-05    0.0000E+00   -2.9113E-05    0.0000E+00
   343    2.0907E-05    0.0000E+00    3.2233E-05    0.0000E+00
   344   -5.5650E-05    0.0000E+00    5.5155E-05    0.0000E+00
   345    9.2692E-05    0.0000E+00   -7.8185E-05    0.0000E+00
   346    1.2541E-04    0.0000E+00   -3.6661E-05    0.0000E+00
   347    2.1082E-05    0.0000E+00   -7.7733E-05    0.0000E+00
   348    8.4486E-06    0.0000E+00    4.8792E-05    0.0000E+00
   349    2.7472E-05    0.0000E+00    2.1699E-05    0.0000E+00
   350    1.2402E-05    0.0000E+00   -1.8235E-05    0.0000E+00
   351   -1.1704E-06    0.0000E+00   -7.9329E-06    0.0000E+00
   352   -5.4225E-06    0.0000E+00   -1.2287E-05    0.0000E+00
   353   -1.3109E-06    0.0000E+00   -6.0034E-06    0.0000E+00
   354    2.0568E-06    0.0000E+00    1.9115E-06    0.0000E+00
   355    9.3883E-07    0.0000E+00   -8.7747E-08    0.0000E+00
   356   -1.4493E-07    0.0000E+00   -1.4810E-05    0.0000E+00
   357   -8.9246E-07    0.0000E+00   -5.8629E-06    0.0000E+00
   358    3.2738E-07    0.0000E+00    6.4861E-06    0.0000E+00
   359    1.3866E-06    0.0000E+00    5.0632E-06    0.0000E+00
   360   -1.0090E-06    0.0000E+00    1.8066E-06    0.0000E+00
   361   -7.9385E-07    0.0000E+00    1.1673E-05    0.0000E+00
   362   -3.5132E-08    0.0000E+00    2.3621E-05    0.0000E+00
   363    3.0460E-07    0.0000E+00    1.6100E-06    0.0000E+00
   364    9.3871E-07    0.0000E+00    7.7049E-06    0.0000E+00
   365   -3.1470E-07    0.0000E+00   -3.8461E-06    0.0000E+00
   366   -3.1385E-07    0.0000E+00    2.4757E-05    0.0000E+00
   367   -9.2461E-07    0.0000E+00   -3.4438E-05    0.0000E+00
   368   -5.4282E-09    0.0000E+00   -5.1329E-06    0.0000E+00
   369    1.1367E-06    0.0000E+00   -1.9283E-05    0.0000E+00
   370    2.0054E-06    0.0000E+00    4.6924E-05    0.0000E+00
   371   -1.0829E-06    0.0000E+00   -3.4166E-05    0.0000E+00
   372    1.3809E-06    0.0000E+00   -9.8378E-05    0.0000E+00
   373    1.4192E-06    0.0000E+00   -6.1670E-05    0.0000E+00
   374    3.0062E-06    0.0000E+00   -9.8586E-06    0.0000E+00
   375    3.0211E-06    0.0000E+00    5.5955E-06    0.0000E+00
   376    9.9225E-07    0.0000E+00   -5.6447E-06    0.0000E+00
   377    3.0809E-06    0.0000E+00   -1.4957E-06    0.0000E+00
   378    6.3539E-07    0.0000E+00    2.0914E-06    0.0000E+00
   379   -7.1206E-07    0.0000E+00   -3.4646E-06    0.0000E+00
   380    2.6443E-06    0.0000E+00    1.0715E-06    0.0000E+00
   381   -3.4526E-07    0.0000E+00   -2.4909E-06    0.0000E+00
   382    1.0454E-06    0.0000E+00   -1.3949E-06    0.0000E+00
   383    1.3012E-06    0.0000E+00    1.8641E-06    0.0000E+00
   384   -1.8700E-06    0.0000E+00    4.3663E-06    0.0000E+00
   385    4.5296E-06    0.0000E+00   -3.2082E-06    0.0000E+00
   386    5.5265E-06    0.0000E+00    2.8463E-06    0.0000E+00
   387   -2.3827E-06    0.0000E+00   -5.8157E-07    0.0000E+00
   388    3.5909E-06    0.0000E+00    3.4565E-06    0.0000E+00
   389    9.6103E-06    0.0000E+00   -5.1176E-06    0.0000E+00
   390    1.9796E-06    0.0000E+00    8.2552E-06    0.0000E+00
   391   -3.6467E-06    0.0000E+00   -6.2539E-06    0.0000E+00
   392    4.5949E-05    0.0000E+00    1.4667E-05    0.0000E+00
   393   -8.9468E-05    0.0000E+00   -6.7385E-05    0.0000E+00
   394    6.4283E-06    0.0000E+00    4.4038E-05    0.0000E+00
   395    4.2033E-05    0.0000E+00    1.6853E-04    0.0000E+00
   396    2.0916E-05    0.0000E+00    2.5548E-04    0.0000E+00
   397   -9.4986E-06    0.0000E+00    1.0335E-04    0.0000E+00
   398   -3.5893E-05    0.0000E+00    8.3709E-06    0.0000E+00
   399   -1.7813E-05    0.0000E+00    2.9761E-05    0.0000E+00
   400   -2.4828E-06    0.0000E+00    1.9869E-05    0.0000E+00
   401    2.9950E-07    0.0000E+00   -5.8803E-06    0.0000E+00
   402    1.0605E-05    0.0000E+00    3.6211E-06    0.0000E+00
   403    4.8856E-06    0.0000E+00   -1.5711E-06    0.0000E+00
   404   -1.7518E-06    0.0000E+00   -2.6091E-06    0.0000E+00
   405    6.0458E-06    0.0000E+00    6.3986E-06    0.0000E+00
   406    6.5111E-06    0.0000E+00    6.3223E-06    0.0000E+00
   407    2.4568E-06    0.0000E+00   -3.4490E-06    0.0000E+00
   408    2.0785E-06    0.0000E+00   -4.5681E-07    0.0000E+00
   409   -1.0598E-06    0.0000E+00    8.1789E-07    0.0000E+00
   410    8.8042E-07    0.0000E+00   -8.7440E-06    0.0000E+00
   411    2.6350E-06    0.0000E+00   -1.1109E-05    0.0000E+00
   412   -1.2805E-06    0.0000E+00   -3.6771E-06    0.0000E+00
   413   -5.3851E-08    0.0000E+00   -8.7840E-06    0.0000E+00
   414    7.0164E-07    0.0000E+00    8.1843E-06    0.0000E+00
   415    2.4795E-06    0.0000E+00   -1.3782E-05    0.0000E+00
   416    1.4635E-06    0.0000E+00   -9.6408E-06    0.0000E+00
   417   -2.7626E-07    0.0000E+00    4.9055E-06    0.0000E+00
   418   -1.6807E-06    0.0000E+00   -6.8366E-05    0.0000E+00
   419    1.9032E-06    0.0000E+00    8.5944E-05    0.0000E+00
   420    1.9884E-06    0.0000E+00   -1.5021E-05    0.0000E+00
   421    1.3273E-06    0.0000E+00   -1.8257E-06    0.0000E+00
   422    1.0666E-06    0.0000E+00    3.1465E-05    0.0000E+00
   423    2.4910E-07    0.0000E+00    1.0005E-06    0.0000E+00
   424   -1.7195E-06    0.0000E+00    4.4001E-06    0.0000E+00
   425   -1.3544E-06    0.0000E+00    8.8042E-06    0.0000E+00
   426    1.7221E-06    0.0000E+00    6.3673E-06    0.0000E+00
   427   -1.3643E-06    0.0000E+00   -2.3520E-07    0.0000E+00
   428   -7.3063E-07    0.0000E+00   -2.1689E-06    0.0000E+00
   429    1.3670E-06    0.0000E+00   -7.2522E-07    0.0000E+00
   430   -1.3403E-06    0.0000E+00   -1.1110E-06    0.0000E+00
   431    1.3897E-06    0.0000E+00   -6.4999E-07    0.0000E+00
   432   -2.2463E-07    0.0000E+00    1.3202E-06    0.0000E+00
   433   -3.0217E-06    0.0000E+00   -1.1885E-06    0.0000E+00
   434    2.7569E-06    0.0000E+00    6.4484E-06    0.0000E+00
   435    1.1066E-06    0.0000E+00    3.5908E-06    0.0000E+00
   436   -5.0056E-06    0.0000E+00    2.1221E-06    0.0000E+00
   437    7.6545E-08    0.0000E+00   -3.1691E-07    0.0000E+00
   438   -1.5846E-06    0.0000E+00    5.8944E-06    0.0000E+00
   439    3.6090E-06    0.0000E+00    7.9782E-06    0.0000E+00
   440   -1.8305E-05    0.0000E+00   -2.6703E-07    0.0000E+00
   441    3.6127E-05    0.0000E+00    2.5511E-05    0.0000E+00
   442   -6.8275E-05    0.0000E+00   -1.6432E-05    0.0000E+00
   443    1.2385E-04    0.0000E+00   -4.0401E-05    0.0000E+00
   444   -2.9408E-05    0.0000E+00    8.1111E-06    0.0000E+00
   445   -2.3719E-04    0.0000E+00   -3.8717E-05    0.0000E+00
   446   -1.8684E-04    0.0000E+00   -3.7627E-05    0.0000E+00
   447   -5.9541E-05    0.0000E+00   -1.8826E-05    0.0000E+00
   448   -1.0884E-05    0.0000E+00   -4.0832E-05    0.0000E+00
   449   -1.4422E-05    0.0000E+00   -2.1435E-05    0.0000E+00
   450   -7.5992E-06    0.0000E+00   -6.1893E-06    0.0000E+00
   451    2.7702E-06    0.0000E+00    3.2346E-06    0.0000E+00
   452   -4.6745E-07    0.0000E+00    1.3183E-05    0.0000E+00
   453   -3.3312E-06    0.0000E+00   -1.2468E-06    0.0000E+00
   454   -4.7812E-07    0.0000E+00    1.9710E-07    0.0000E+00
   455   -1.6975E-06    0.0000E+00    6.5212E-06    0.0000E+00
   456   -8.2982E-07    0.0000E+00    9.3925E-06    0.0000E+00
   457   -2.5574E-07    0.0000E+00    4.5300E-06    0.0000E+00
   458   -2.1406E-06    0.0000E+00   -7.1120E-06    0.0000E+00
   459    6.0166E-08    0.0000E+00   -4.3732E-06    0.0000E+00
   460    2.3602E-07    0.0000E+00    3.4336E-06    0.0000E+00
   461   -6.7028E-07    0.0000E+00    7.1321E-06    0.0000E+00
   462    1.1084E-06    0.0000E+00   -4.2181E-06    0.0000E+00
   463   -7.4655E-07    0.0000E+00    1.6800E-06    0.0000E+00
   464   -8.9331E-08    0.0000E+00    2.0877E-06    0.0000E+00
   465   -6.6271E-07    0.0000E+00   -2.6622E-06    0.0000E+00
   466    4.2863E-07    0.0000E+00   -9.4188E-06    0.0000E+00
   467   -6.5817E-07    0.0000E+00   -3.2853E-05    0.0000E+00
   468   -1.2342E-06    0.0000E+00   -2.0940E-05    0.0000E+00
   469   -3.0138E-06    0.0000E+00    2.6392E-05    0.0000E+00
   470   -1.2757E-07    0.0000E+00   -1.2399E-06    0.0000E+00
   471   -5.0999E-07    0.0000E+00    1.1057E-05    0.0000E+00
   472   -3.0653E-07    0.0000E+00    4.1567E-05    0.0000E+00
   473   -1.4210E-06    0.0000E+00    1.8692E-05    0.0000E+00
   474   -1.1945E-06    0.0000E+00   -7.9126E-06    0.0000E+00
   475   -8.9116E-07    0.0000E+00    2.6814E-06    0.0000E+00
   476   -3.8558E-06    0.0000E+00    3.8221E-06    0.0000E+00
   477   -1.5106E-06    0.0000E+00   -3.2919E-06    0.0000E+00
   478    1.1728E-07    0.0000E+00    4.8879E-06    0.0000E+00
   479   -1.2110E-06    0.0000E+00   -6.2943E-08    0.0000E+00
   480    4.9357E-07    0.0000E+00   -3.8908E-06    0.0000E+00
   481   -1.5322E-06    0.0000E+00    6.4684E-06    0.0000E+00
   482    2.5113E-07    0.0000E+00   -1.6704E-06    0.0000E+00
   483    4.0106E-06    0.0000E+00    5.7011E-06    0.0000E+00
   484   -4.1959E-06    0.0000E+00    1.8686E-06    0.0000E+00
   485   -7.9576E-06    0.0000E+00   -8.7991E-06    0.0000E+00
   486    2.4865E-06    0.0000E+00    3.1654E-06    0.0000E+00
   487   -3.2093E-06    0.0000E+00   -7.2478E-07    0.0000E+00
   488   -3.3647E-07    0.0000E+00   -2.6318E-06    0.0000E+00
   489   -1.4240E-05    0.0000E+00   -6.9960E-06    0.0000E+00
   490    1.9547E-05    0.0000E+00    1.5573E-05    0.0000E+00
   491   -5.3651E-05    0.0000E+00   -4.1584E-05    0.0000E+00
   492    7.1657E-05    0.0000E+00    5.9216E-05    0.0000E+00
   493    3.3276E-06    0.0000E+00    3.4891E-05    0.0000E+00
   494   -6.5025E-05    0.0000E+00   -9.5978E-05    0.0000E+00
   495   -1.3075E-05    0.0000E+00   -1.5028E-04    0.0000E+00
   496    1.0682E-05    0.0000E+00   -1.3035E-04    0.0000E+00
   497    1.5325E-05    0.0000E+00   -3.4648E-05    0.0000E+00
   498    1.3837E-05    0.0000E+00   -6.3015E-06    0.0000E+00
   499    7.8365E-06    0.0000E+00   -8.7718E-06    0.0000E+00
   500    3.7551E-06    0.0000E+00   -4.9967E-06    0.0000E+00
   501   -6.4196E-06    0.0000E+00    3.2364E-07    0.0000E+00
   502   -7.3650E-06    0.0000E+00   -5.2920E-06    0.0000E+00
   503    1.7325E-07    0.0000E+00    2.5668E-07    0.0000E+00
   504   -1.3196E-06    0.0000E+00    6.9887E-07    0.0000E+00
   505   -3.1517E-06    0.0000E+00   -1.0419E-06    0.0000E+00
   506   -2.5373E-06    0.0000E+00   -3.1635E-07    0.0000E+00
   507   -1.7129E-06    0.0000E+00   -3.0609E-06    0.0000E+00
   508    6.8810E-07    0.0000E+00   -3.1377E-06    0.0000E+00
   509   -2.5703E-07    0.0000E+00    4.7310E-07    0.0000E+00
   510   -1.7330E-06    0.0000E+00   -4.7180E-06    0.0000E+00
   511   -8.9227E-07    0.0000E+00    5.6758E-06    0.0000E+00
   512    2.8009E-07    0.0000E+00   -7.5203E-06    0.0000E+00
   513    7.8776E-07    0.0000E+00    1.1109E-05    0.0000E+00
   514   -1.4832E-06    0.0000E+00   -2.1219E-05    0.0000E+00
   515   -1.3968E-06    0.0000E+00    2.6734E-05    0.0000E+00
   516   -5.5135E-08    0.0000E+00    2.3918E-05    0.0000E+00
   517    2.2657E-06    0.0000E+00   -1.3761E-05    0.0000E+00
   518    1.6471E-07    0.0000E+00    2.5172E-06    0.0000E+00
   519   -1.0825E-06    0.0000E+00    5.4334E-07    0.0000E+00
   520   -2.3649E-06    0.0000E+00    1.3302E-05    0.0000E+00
   521   -1.0959E-06    0.0000E+00   -1.2002E-05    0.0000E+00
   522   -7.3256E-07    0.0000E+00   -4.3696E-06    0.0000E+00
   523    1.4707E-06    0.0000E+00    5.2099E-06    0.0000E+00
   524    1.8752E-06    0.0000E+00    7.0807E-07    0.0000E+00
   525   -1.5305E-06    0.0000E+00   -1.3699E-06    0.0000E+00
   526    1.0611E-06    0.0000E+00   -1.1707E-06    0.0000E+00
   527    8.6450E-07    0.0000E+00   -3.6892E-06    0.0000E+00
   528   -1.6767E-06    0.0000E+00    1.8680E-06    0.0000E+00
   529    8.6906E-07    0.0000E+00    2.4541E-06    0.0000E+00
   530   -1.1579E-06    0.0000E+00   -3.0732E-06    0.0000E+00
   531    1.0467E-06    0.0000E+00   -2.6851E-07    0.0000E+00
   532    2.2406E-06    0.0000E+00    1.3540E-06    0.0000E+00
   533   -3.3800E-06    0.0000E+00   -6.4225E-07    0.0000E+00
   534   -9.0170E-07    0.0000E+00   -3.5135E-06    0.0000E+00
   535    4.5125E-06    0.0000E+00    2.1069E-06    0.0000E+00
   536   -2.3816E-06    0.0000E+00   -6.7711E-06    0.0000E+00
   537    2.4099E-06    0.0000E+00    8.5149E-06    0.0000E+00
   538   -5.9183E-06    0.0000E+00   -1.2179E-05    0.0000E+00
   539    1.3695E-05    0.0000E+00    2.0909E-05    0.0000E+00
   540   -1.2639E-05    0.0000E+00   -4.4858E-05    0.0000E+00
   541    2.0512E-05    0.0000E+00    5.0594E-05    0.0000E+00
   542    1.5651E-06    0.0000E+00   -6.7860E-06    0.0000E+00
   543   -4.7788E-05    0.0000E+00   -5.9581E-05    0.0000E+00
   544    2.6845E-05    0.0000E+00   -2.5826E-05    0.0000E+00
   545    7.5694E-05    0.0000E+00    1.0079E-06    0.0000E+00
   546    4.5140E-05    0.0000E+00    8.2510E-06    0.0000E+00
   547    4.3264E-06    0.0000E+00   -5.0079E-06    0.0000E+00
   548    2.5384E-06    0.0000E+00    6.1711E-06    0.0000E+00
   549    6.5080E-06    0.0000E+00    9.2116E-06    0.0000E+00
   550   -1.1023E-06    0.0000E+00   -1.8049E-06    0.0000E+00
   551    1.5334E-06    0.0000E+00    1.7515E-06    0.0000E+00
   552    3.3262E-06    0.0000E+00   -4.3306E-07    0.0000E+00
   553   -1.2118E-06    0.0000E+00   -3.9782E-06    0.0000E+00
   554    3.2950E-07    0.0000E+00    3.3189E-06    0.0000E+00
   555    9.2505E-07    0.0000E+00    2.3419E-06    0.0000E+00
   556   -1.7647E-07    0.0000E+00   -3.5739E-06    0.0000E+00
   557    2.0387E-06    0.0000E+00    9.9774E-07    0.0000E+00
   558    2.3475E-07    0.0000E+00    7.4839E-06    0.0000E+00
   559   -1.7048E-07    0.0000E+00   -1.1676E-06    0.0000E+00
   560    1.4164E-06    0.0000E+00    3.2350E-06    0.0000E+00
   561   -4.4673E-07    0.0000E+00   -1.7917E-06    0.0000E+00
   562   -8.4274E-08    0.0000E+00    8.6989E-06    0.0000E+00
   563   -5.8125E-07    0.0000E+00   -1.2028E-05    0.0000E+00
   564    6.8550E-08    0.0000E+00   -1.9763E-06    0.0000E+00
   565   -7.2495E-07    0.0000E+00   -1.6343E-05    0.0000E+00
   566    9.1777E-07    0.0000E+00    2.7528E-05    0.0000E+00
   567   -2.5852E-06    0.0000E+00   -2.5602E-05    0.0000E+00
   568    2.3836E-06    0.0000E+00   -2.0346E-05    0.0000E+00
   569    2.0892E-06    0.0000E+00    2.9437E-05    0.0000E+00
   570    4.5462E-07    0.0000E+00    3.6736E-05    0.0000E+00
   571    1.7950E-06    0.0000E+00    2.1168E-06    0.0000E+00
   572    1.6373E-07    0.0000E+00   -6.1033E-06    0.0000E+00
   573   -3.5108E-07    0.0000E+00   -1.6575E-06    0.0000E+00
   574   -7.1299E-07    0.0000E+00    1.6799E-06    0.0000E+00
   575    6.4326E-07    0.0000E+00    2.6281E-06    0.0000E+00
   576    1.6587E-06    0.0000E+00   -8.2376E-08    0.0000E+00
   577    2.9517E-07    0.0000E+00   -8.5683E-07    0.0000E+00
   578   -8.8530E-07    0.0000E+00    1.7724E-06    0.0000E+00
   579   -6.5869E-07    0.0000E+00    2.1052E-06    0.0000E+00
   580    4.7489E-07    0.0000E+00   -3.2340E-08    0.0000E+00
   581   -3.7107E-07    0.0000E+00   -2.0674E-06    0.0000E+00
   582   -1.1548E-06    0.0000E+00   -5.3950E-06    0.0000E+00
   583   -2.1227E-06    0.0000E+00   -3.0421E-06    0.0000E+00
   584   -4.4871E-08    0.0000E+00    7.0309E-06    0.0000E+00
   585    1.7127E-06    0.0000E+00   -5.8257E-06    0.0000E+00
   586   -1.1555E-06    0.0000E+00    4.3285E-06    0.0000E+00
   587   -8.8069E-06    0.0000E+00   -7.1412E-06    0.0000E+00
   588    3.5192E-06    0.0000E+00    4.0843E-06    0.0000E+00
   589   -1.0682E-05    0.0000E+00   -1.4884E-06    0.0000E+00
   590    2.4843E-05    0.0000E+00    9.2853E-06    0.0000E+00
   591   -3.2416E-05    0.0000E+00   -5.8304E-06    0.0000E+00
   592    9.3771E-06    0.0000E+00    4.8256E-05    0.0000E+00
   593    5.6839E-05    0.0000E+00   -4.5466E-05    0.0000E+00
   594    3.0160E-05    0.0000E+00   -8.1935E-05    0.0000E+00
   595    3.9827E-06    0.0000E+00   -1.9899E-05    0.0000E+00
   596    1.5953E-06    0.0000E+00    3.4491E-06    0.0000E+00
   597    2.2765E-06    0.0000E+00   -9.8806E-07    0.0000E+00
   598   -1.2956E-07    0.0000E+00    9.5841E-07    0.0000E+00
   599   -3.2565E-06    0.0000E+00   -1.7712E-06    0.0000E+00
   600   -5.9210E-06    0.0000E+00    8.8585E-08    0.0000E+00
   601    8.0279E-07    0.0000E+00    4.4715E-06    0.0000E+00
   602    1.1360E-06    0.0000E+00   -2.5280E-06    0.0000E+00
   603   -3.7325E-06    0.0000E+00   -1.6668E-06    0.0000E+00
   604   -2.3541E-06    0.0000E+00    1.0124E-06    0.0000E+00
   605   -1.0216E-06    0.0000E+00   -2.3592E-06    0.0000E+00
   606   -3.2623E-07    0.0000E+00    1.5201E-06    0.0000E+00
   607    8.0315E-07    0.0000E+00    2.9549E-06    0.0000E+00
   608   -1.2239E-06    0.0000E+00   -4.2888E-06    0.0000E+00
   609   -6.8880E-07    0.0000E+00    8.3354E-07    0.0000E+00
   610    4.2423E-07    0.0000E+00   -7.3531E-07    0.0000E+00
   611   -2.0437E-07    0.0000E+00   -3.7046E-07    0.0000E+00
   612   -1.4742E-06    0.0000E+00    1.9024E-06    0.0000E+00
   613   -1.8925E-07    0.0000E+00   -2.1601E-05    0.0000E+00
   614    1.2210E-07    0.0000E+00   -1.6778E-05    0.0000E+00
   615    4.1502E-07    0.0000E+00    2.7189E-06    0.0000E+00
   616   -8.3919E-07    0.0000E+00    2.0091E-05    0.0000E+00
   617   -5.0324E-07    0.0000E+00   -2.6497E-05    0.0000E+00
   618   -1.2949E-06    0.0000E+00   -1.4986E-05    0.0000E+00
   619    7.4556E-07    0.0000E+00   -1.5366E-05    0.0000E+00
   620    7.8859E-07    0.0000E+00    9.3147E-07    0.0000E+00
   621    8.7245E-07    0.0000E+00    1.0740E-05    0.0000E+00
   622   -1.4241E-06    0.0000E+00    3.2669E-06    0.0000E+00
   623   -9.5390E-07    0.0000E+00   -4.9350E-06    0.0000E+00
   624   -2.8884E-08    0.0000E+00   -4.4787E-06    0.0000E+00
   625    3.6877E-07    0.0000E+00    1.2243E-06    0.0000E+00
   626    1.5244E-07    0.0000E+00    3.5208E-06    0.0000E+00
   627   -9.0869E-08    0.0000E+00    2.3513E-07    0.0000E+00
   628    1.5446E-06    0.0000E+00    9.0443E-07    0.0000E+00
   629    9.2965E-07    0.0000E+00    1.8806E-06    0.0000E+00
   630   -2.7077E-06    0.0000E+00   -8.4698E-07    0.0000E+00
   631    1.9153E-07    0.0000E+00   -4.8334E-06    0.0000E+00
   632    4.3822E-06    0.0000E+00    1.6063E-06    0.0000E+00
   633   -2.8693E-06    0.0000E+00   -3.3622E-06    0.0000E+00
   634    3.3112E-06    0.0000E+00   -1.3520E-06    0.0000E+00
   635   -3.8822E-08    0.0000E+00    2.5496E-06    0.0000E+00
   636   -2.5068E-06    0.0000E+00   -6.8551E-06    0.0000E+00
   637    8.4802E-06    0.0000E+00   -1.0302E-06    0.0000E+00
   638   -1.1752E-05    0.0000E+00   -2.0201E-05    0.0000E+00
   639    6.5864E-06    0.0000E+00    2.8794E-05    0.0000E+00
   640    2.1918E-06    0.0000E+00   -3.7264E-05    0.0000E+00
   641   -4.3422E-05    0.0000E+00    2.8079E-05    0.0000E+00
   642    2.8791E-05    0.0000E+00    2.9873E-06    0.0000E+00
   643    9.4967E-05    0.0000E+00    2.0413E-05    0.0000E+00
   644    3.8568E-05    0.0000E+00    1.5803E-05    0.0000E+00
   645    7.4258E-06    0.0000E+00    9.8453E-06    0.0000E+00
   646   -1.6195E-06    0.0000E+00    8.2683E-06    0.0000E+00
   647    2.1016E-06    0.0000E+00    2.0377E-06    0.0000E+00
   648    6.3363E-07    0.0000E+00    2.5328E-06    0.0000E+00
   649   -1.8338E-06    0.0000E+00   -5.8702E-06    0.0000E+00
   650    1.5538E-06    0.0000E+00   -3.9041E-06    0.0000E+00
   651    4.0144E-07    0.0000E+00   -1.7382E-06    0.0000E+00
   652   -1.0210E-06    0.0000E+00   -1.2354E-06    0.0000E+00
   653    7.0623E-07    0.0000E+00   -2.8120E-06    0.0000E+00
   654    9.4870E-07    0.0000E+00   -3.3741E-06    0.0000E+00
   655   -2.1570E-07    0.0000E+00   -4.9111E-07    0.0000E+00
   656    3.3928E-07    0.0000E+00    3.4671E-06    0.0000E+00
   657   -5.5546E-07    0.0000E+00   -1.1500E-06    0.0000E+00
   658    5.4267E-08    0.0000E+00   -3.4150E-06    0.0000E+00
   659    8.0916E-07    0.0000E+00    1.8821E-06    0.0000E+00
   660   -8.8451E-07    0.0000E+00   -8.0670E-07    0.0000E+00
   661    4.6333E-07    0.0000E+00    3.2456E-06    0.0000E+00
   662   -1.7796E-07    0.0000E+00   -1.2398E-05    0.0000E+00
   663   -1.2546E-07    0.0000E+00   -3.8155E-06    0.0000E+00
   664    7.5145E-07    0.0000E+00    8.0774E-07    0.0000E+00
   665   -4.3663E-07    0.0000E+00    7.3114E-06    0.0000E+00
   666    1.0566E-06    0.0000E+00   -1.0125E-05    0.0000E+00
   667    9.3379E-07    0.0000E+00    6.4477E-06    0.0000E+00
   668   -6.3228E-07    0.0000E+00    2.7977E-07    0.0000E+00
   669   -6.6776E-07    0.0000E+00   -1.3329E-05    0.0000E+00
   670   -2.2836E-06    0.0000E+00   -1.3788E-05    0.0000E+00
   671   -1.3190E-06    0.0000E+00   -4.2184E-06    0.0000E+00
   672    8.1932E-07    0.0000E+00    3.4154E-06    0.0000E+00
   673    1.2617E-06    0.0000E+00   -2.9703E-06    0.0000E+00
   674    1.5089E-06    0.0000E+00   -2.5286E-06    0.0000E+00
   675   -7.5044E-07    0.0000E+00    6.2993E-07    0.0000E+00
   676   -3.5315E-07    0.0000E+00   -5.7688E-07    0.0000E+00
   677    1.9020E-06    0.0000E+00    2.3597E-06    0.0000E+00
   678    1.0976E-06    0.0000E+00    4.6748E-06    0.0000E+00
   679   -5.2125E-07    0.0000E+00   -5.6190E-07    0.0000E+00
   680   -4.1058E-07    0.0000E+00   -5.3400E-06    0.0000E+00
   681   -3.7527E-07    0.0000E+00    1.9922E-06    0.0000E+00
   682    3.1188E-06    0.0000E+00    1.4385E-06    0.0000E+00
   683    6.1506E-06    0.0000E+00    3.1067E-07    0.0000E+00
   684   -2.2196E-06    0.0000E+00    4.9147E-06    0.0000E+00
   685    1.2278E-06    0.0000E+00   -6.1598E-06    0.0000E+00
   686    9.4855E-06    0.0000E+00    1.0810E-05    0.0000E+00
   687    1.0322E-05    0.0000E+00   -1.0342E-05    0.0000E+00
   688   -2.0904E-05    0.0000E+00    9.3453E-06    0.0000E+00
   689    3.2080E-05    0.0000E+00   -7.8706E-06    0.0000E+00
   690   -4.9770E-05    0.0000E+00    4.1924E-06    0.0000E+00
   691    2.7945E-05    0.0000E+00   -1.9925E-06    0.0000E+00
   692    6.6979E-06    0.0000E+00    2.6829E-05    0.0000E+00
   693   -2.6465E-05    0.0000E+00    4.2145E-05    0.0000E+00
   694   -1.1994E-05    0.0000E+00    2.2607E-05    0.0000E+00
   695   -4.9851E-06    0.0000E+00    6.3804E-06    0.0000E+00
   696    2.7053E-07    0.0000E+00   -3.6996E-06    0.0000E+00
   697   -3.8246E-06    0.0000E+00    1.6149E-06    0.0000E+00
   698   -4.5587E-07    0.0000E+00    6.9603E-07    0.0000E+00
   699    9.0662E-06    0.0000E+00    1.4767E-06    0.0000E+00
   700    3.9870E-06    0.0000E+00    2.1011E-06    0.0000E+00
   701   -1.2021E-07    0.0000E+00    1.9565E-06    0.0000E+00
   702    3.3142E-06    0.0000E+00   -1.4014E-06    0.0000E+00
   703    3.0503E-06    0.0000E+00    1.5668E-06    0.0000E+00
   704    2.1525E-06    0.0000E+00    1.8943E-06    0.0000E+00
   705    1.4918E-06    0.0000E+00   -1.2599E-06    0.0000E+00
   706   -7.7618E-07    0.0000E+00    8.8434E-07    0.0000E+00
   707    1.4763E-06    0.0000E+00    3.2226E-06    0.0000E+00
   708    1.3513E-06    0.0000E+00   -4.0186E-06    0.0000E+00
   709   -6.7947E-08    0.0000E+00    5.0484E-06    0.0000E+00
   710    7.8471E-07    0.0000E+00   -1.5313E-06    0.0000E+00
   711   -1.3111E-07    0.0000E+00   -4.3127E-06    0.0000E+00
   712    2.3898E-07    0.0000E+00    5.2605E-06    0.0000E+00
   713   -1.1004E-06    0.0000E+00   -5.0172E-06    0.0000E+00
   714   -6.8286E-07    0.0000E+00   -2.0060E-06    0.0000E+00
   715    2.7032E-06    0.0000E+00    7.2571E-06    0.0000E+00
   716   -1.0881E-06    0.0000E+00    1.1222E-05    0.0000E+00
   717   -1.9553E-06    0.0000E+00   -2.6561E-05    0.0000E+00
   718   -3.1042E-08    0.0000E+00   -7.1697E-06    0.0000E+00
   719   -2.4755E-06    0.0000E+00   -5.1946E-06    0.0000E+00
   720    5.3736E-07    0.0000E+00   -5.7984E-06    0.0000E+00
   721    6.0236E-07    0.0000E+00   -1.3101E-06    0.0000E+00
   722    2.6119E-09    0.0000E+00   -4.0205E-06    0.0000E+00
   723    1.4201E-06    0.0000E+00    1.1466E-06    0.0000E+00
   724   -8.7331E-07    0.0000E+00    5.0124E-06    0.0000E+00
   725   -5.9896E-09    0.0000E+00   -3.6375E-06    0.0000E+00
   726    5.3667E-07    0.0000E+00   -1.3342E-06    0.0000E+00
   727   -2.1673E-06    0.0000E+00    2.4623E-06    0.0000E+00
   728   -4.7974E-07    0.0000E+00    1.3001E-06    0.0000E+00
   729    2.3797E-06    0.0000E+00    2.7631E-06    0.0000E+00
   730   -2.3564E-06    0.0000E+00   -3.1162E-06    0.0000E+00
   731   -2.5116E-06    0.0000E+00   -7.5920E-07    0.0000E+00
   732    3.8337E-06    0.0000E+00    2.2894E-06    0.0000E+00
   733   -5.2829E-06    0.0000E+00    3.9621E-06    0.0000E+00
   734    2.7527E-06    0.0000E+00   -2.1204E-06    0.0000E+00
   735   -3.4094E-06    0.0000E+00    2.1537E-06    0.0000E+00
   736    6.4042E-06    0.0000E+00    6.5379E-06    0.0000E+00
   737   -9.8590E-06    0.0000E+00   -2.3195E-06    0.0000E+00
   738    1.1665E-05    0.0000E+00   -1.0051E-05    0.0000E+00
   739   -2.0986E-05    0.0000E+00    7.7841E-06    0.0000E+00
   740    2.2179E-05    0.0000E+00   -9.0674E-06    0.0000E+00
   741    9.1748E-06    0.0000E+00    2.5069E-06    0.0000E+00
   742   -1.8439E-05    0.0000E+00    4.0698E-07    0.0000E+00
   743   -2.2109E-05    0.0000E+00   -1.0368E-05    0.0000E+00
   744   -1.2081E-05    0.0000E+00   -3.9936E-06    0.0000E+00
   745    1.6649E-06    0.0000E+00   -2.1193E-07    0.0000E+00
   746   -2.8434E-06    0.0000E+00    1.4006E-06    0.0000E+00
   747   -3.1754E-06    0.0000E+00   -4.4600E-06    0.0000E+00
   748    1.8621E-06    0.0000E+00   -4.9851E-07    0.0000E+00
   749   -2.6756E-06    0.0000E+00    4.3069E-06    0.0000E+00
   750   -1.9718E-06    0.0000E+00    1.5808E-06    0.0000E+00
   751    2.4597E-06    0.0000E+00    1.3007E-06    0.0000E+00
   752   -5.2105E-07    0.0000E+00    6.6092E-07    0.0000E+00
   753   -4.0474E-07    0.0000E+00    1.1532E-06    0.0000E+00
   754    3.5450E-07    0.0000E+00    3.3221E-06    0.0000E+00
   755   -1.4126E-06    0.0000E+00   -7.6499E-07    0.0000E+00
   756    1.1323E-06    0.0000E+00   -1.7749E-06    0.0000E+00
   757   -6.7353E-07    0.0000E+00   -4.1885E-07    0.0000E+00
   758   -6.7240E-07    0.0000E+00    4.5335E-06    0.0000E+00
   759    1.6619E-08    0.0000E+00   -5.5700E-06    0.0000E+00
   760   -7.3610E-07    0.0000E+00   -1.0524E-05    0.0000E+00
   761   -6.2177E-08    0.0000E+00    6.7009E-08    0.0000E+00
   762    1.9282E-07    0.0000E+00   -9.8171E-07    0.0000E+00
   763   -9.0328E-08    0.0000E+00   -2.5959E-06    0.0000E+00
   764   -7.0340E-07    0.0000E+00    9.7024E-07    0.0000E+00
   765    5.1764E-07    0.0000E+00    1.5203E-05    0.0000E+00
   766   -2.4975E-07    0.0000E+00   -1.5398E-05    0.0000E+00
   767   -4.9733E-07    0.0000E+00   -1.3611E-05    0.0000E+00
   768   -4.7151E-07    0.0000E+00   -8.1206E-06    0.0000E+00
   769    9.5817E-07    0.0000E+00    1.1505E-06    0.0000E+00
   770    1.5140E-06    0.0000E+00    6.5554E-06    0.0000E+00
   771    3.1674E-07    0.0000E+00    1.3321E-06    0.0000E+00
   772   -5.2424E-07    0.0000E+00   -3.8018E-07    0.0000E+00
   773   -1.7267E-06    0.0000E+00   -6.6591E-07    0.0000E+00
   774    2.3061E-09    0.0000E+00   -4.6395E-06    0.0000E+00
   775    1.0682E-07    0.0000E+00   -6.4271E-08    0.0000E+00
   776   -1.1233E-06    0.0000E+00    9.4196E-07    0.0000E+00
   777   -4.7753E-07    0.0000E+00   -3.6857E-06    0.0000E+00
   778    1.0731E-06    0.0000E+00    1.5924E-06    0.0000E+00
   779   -7.9340E-07    0.0000E+00    2.7036E-06    0.0000E+00
   780   -1.6004E-08    0.0000E+00   -3.8564E-06    0.0000E+00
   781    1.7159E-06    0.0000E+00   -1.6416E-06    0.0000E+00
   782   -7.9172E-06    0.0000E+00    3.4399E-06    0.0000E+00
   783    4.5129E-06    0.0000E+00   -6.0131E-06    0.0000E+00
   784   -1.9719E-06    0.0000E+00    4.4536E-06    0.0000E+00
   785   -3.4015E-06    0.0000E+00   -4.3319E-06    0.0000E+00
   786   -4.4302E-06    0.0000E+00    6.5335E-06    0.0000E+00
   787    1.1441E-05    0.0000E+00   -7.1994E-06    0.0000E+00
   788   -1.8118E-05    0.0000E+00    1.0801E-05    0.0000E+00
   789    2.2404E-05    0.0000E+00   -2.7510E-05    0.0000E+00
   790   -6.5476E-06    0.0000E+00    2.9037E-05    0.0000E+00
   791   -1.4681E-05    0.0000E+00    3.5073E-05    0.0000E+00
   792    9.7696E-06    0.0000E+00    1.5944E-05    0.0000E+00
   793    5.9836E-06    0.0000E+00   -4.8449E-07    0.0000E+00
   794    2.8319E-06    0.0000E+00   -2.7096E-06    0.0000E+00
   795   -3.3784E-06    0.0000E+00    2.0305E-06    0.0000E+00
   796    1.2091E-06    0.0000E+00   -2.0602E-06    0.0000E+00
   797    2.4330E-06    0.0000E+00   -9.0054E-07    0.0000E+00
   798   -4.0474E-06    0.0000E+00   -1.3271E-06    0.0000E+00
   799   -3.0081E-06    0.0000E+00   -1.3887E-06    0.0000E+00
   800    4.9715E-07    0.0000E+00    1.4646E-06    0.0000E+00
   801   -1.1708E-06    0.0000E+00   -1.1412E-06    0.0000E+00
   802   -9.2023E-07    0.0000E+00    5.4261E-07    0.0000E+00
   803   -6.1456E-07    0.0000E+00    1.2509E-06    0.0000E+00
   804   -1.4611E-06    0.0000E+00   -1.7605E-06    0.0000E+00
   805    6.2315E-07    0.0000E+00    1.9709E-06    0.0000E+00
   806   -8.4745E-07    0.0000E+00    1.3473E-06    0.0000E+00
   807   -7.0808E-07    0.0000E+00   -3.3757E-06    0.0000E+00
   808    2.6410E-07    0.0000E+00    6.1223E-06    0.0000E+00
   809   -8.4961E-07    0.0000E+00   -1.3958E-05    0.0000E+00
   810    1.3182E-07    0.0000E+00    1.1258E-06    0.0000E+00
   811   -3.2468E-07    0.0000E+00   -5.8722E-06    0.0000E+00
   812    3.7506E-07    0.0000E+00    9.3756E-06    0.0000E+00
   813    1.6717E-06    0.0000E+00   -1.1910E-05    0.0000E+00
   814   -3.0927E-06    0.0000E+00    8.2232E-06    0.0000E+00
   815    1.7048E-07    0.0000E+00   -5.9346E-06    0.0000E+00
   816    2.2385E-06    0.0000E+00    1.1979E-05    0.0000E+00
   817    1.7713E-06    0.0000E+00    1.0466E-05    0.0000E+00
   818    3.7034E-06    0.0000E+00    2.0073E-07    0.0000E+00
   819    2.9790E-07    0.0000E+00    1.6352E-06    0.0000E+00
   820   -1.0798E-06    0.0000E+00    1.3294E-06    0.0000E+00
   821    2.7054E-07    0.0000E+00    3.4856E-06    0.0000E+00
   822   -1.5318E-07    0.0000E+00   -1.0116E-07    0.0000E+00
   823   -1.9325E-07    0.0000E+00   -5.8494E-07    0.0000E+00
   824    7.7841E-07    0.0000E+00   -2.9589E-09    0.0000E+00
   825    5.3141E-07    0.0000E+00   -2.4742E-07    0.0000E+00
   826    2.4423E-07    0.0000E+00    1.0503E-06    0.0000E+00
   827    1.1270E-06    0.0000E+00   -6.3823E-07    0.0000E+00
   828   -2.9151E-07    0.0000E+00    2.0687E-06    0.0000E+00
   829    1.0451E-07    0.0000E+00   -2.8511E-07    0.0000E+00
   830    1.8618E-06    0.0000E+00   -2.0262E-06    0.0000E+00
   831    6.2280E-07    0.0000E+00    7.3416E-07    0.0000E+00
   832   -2.6367E-06    0.0000E+00   -7.0070E-07    0.0000E+00
   833    4.3233E-06    0.0000E+00    5.9987E-07    0.0000E+00
   834   -1.7706E-06    0.0000E+00   -1.8889E-06    0.0000E+00
   835   -7.1229E-07    0.0000E+00    2.8716E-06    0.0000E+00
   836    3.7858E-06    0.0000E+00   -1.5766E-06    0.0000E+00
   837   -7.5255E-06    0.0000E+00    7.2442E-07    0.0000E+00
   838    9.5532E-06    0.0000E+00   -3.8999E-06    0.0000E+00
   839    1.0100E-05    0.0000E+00    4.4948E-07    0.0000E+00
   840   -2.0151E-05    0.0000E+00   -5.0522E-07    0.0000E+00
   841   -3.5161E-05    0.0000E+00    8.2840E-07    0.0000E+00
   842   -1.8797E-05    0.0000E+00   -1.6852E-06    0.0000E+00
   843   -5.0767E-06    0.0000E+00   -1.8978E-06    0.0000E+00
   844   -2.2011E-06    0.0000E+00    1.9171E-07    0.0000E+00
   845   -4.6051E-07    0.0000E+00   -7.4525E-07    0.0000E+00
   846    6.8022E-07    0.0000E+00    4.7063E-07    0.0000E+00
   847    6.1213E-07    0.0000E+00    6.2946E-07    0.0000E+00
   848    1.2879E-06    0.0000E+00    2.4991E-07    0.0000E+00
   849    7.3178E-07    0.0000E+00   -4.5484E-07    0.0000E+00
   850   -4.4340E-07    0.0000E+00   -1.0914E-06    0.0000E+00
   851   -2.8695E-07    0.0000E+00    5.9445E-07    0.0000E+00
   852   -1.1495E-07    0.0000E+00   -5.7250E-08    0.0000E+00
   853    2.6238E-07    0.0000E+00   -6.4607E-07    0.0000E+00
   854    1.1772E-07    0.0000E+00   -3.9776E-07    0.0000E+00
   855   -2.2300E-07    0.0000E+00    3.4836E-07    0.0000E+00
   856    3.9509E-07    0.0000E+00   -8.5694E-07    0.0000E+00
   857   -1.4583E-07    0.0000E+00    2.2325E-06    0.0000E+00
   858    5.8982E-07    0.0000E+00   -4.8832E-06    0.0000E+00
