           2  -1.5808530220851025     
           3  -1.6041733103418458     
           4  -1.6204230089015805     
           5  -1.6336986376733338     
           6  -1.6452583235153029     
           7  -1.6556502318025592     
           8  -1.6651821577064971     
           9  -1.6740512666652887     
          10  -1.6823869700390386     
          11  -1.6902830763389398     
          12  -1.6978050333809314     
          13  -1.7050055437334766     
          14  -1.7119253747474690     
          15  -1.7185969344969629     
          16  -1.7250498065721096     
          17  -1.7313058990402161     
          18  -1.7373836764762758     
          19  -1.7433008706527853     
          20  -1.7490702195889019     
          21  -1.7547052052844787     
          22  -1.7602174012154941     
          23  -1.7656139053758175     
          24  -1.7709058791999370     
          25  -1.7760995044020274     
          26  -1.7812009671006186     
          27  -1.7862186083392328     
          28  -1.7911551766338223     
          29  -1.7960175526666882     
          30  -1.8008103639400070     
          31  -1.8055356913967557     
          32  -1.8102001100200877     
          33  -1.8148047164390435     
          34  -1.8193531051441723     
          35  -1.8238497463211314     
          36  -1.8282948769419547     
          37  -1.8326934145425078     
          38  -1.8370468187596067     
          39  -1.8413556926546877     
          40  -1.8456248917910478     
          41  -1.8498540722718388     
          42  -1.8540457881608057     
          43  -1.8582028620693605     
          44  -1.8623250422913240     
          45  -1.8664146835730875     
          46  -1.8704724956532888     
          47  -1.8744991962675503     
          48  -1.8784974611602858     
          49  -1.8824664454422131     
          50  -1.8864085812791305     
          51  -1.8903253585280266     
          52  -1.8942153342703152     
          53  -1.8980825325801653     
          54  -1.9019254783711004     
          55  -1.9057450731915808     
          56  -1.9095439995705559     
          57  -1.9133210072236251     
          58  -1.9170777860201109     
          59  -1.9208148951779400     
          60  -1.9245319849454861     
          61  -1.9282297260321388     
          62  -1.9319072523152070     
          63  -1.9355659706016328     
          64  -1.9392078495240244     
          65  -1.9428298811293059     
          66  -1.9464361543052895     
          67  -1.9500252713724020     
          68  -1.9535958649750405     
          69  -1.9571523949460701     
          70  -1.9606906317273047     
          71  -1.9642135043213278     
          72  -1.9677224532497966     
          73  -1.9712137240071854     
          74  -1.9746905679465077     
          75  -1.9781495243588276     
          76  -1.9815902391529927     
          77  -1.9850174071743674     
          78  -1.9884235765786913     
          79  -1.9918151974892999     
          80  -1.9951910679565754     
          81  -1.9985413814256048     
          82  -2.0018817797916495     
          83  -2.0051992899101356     
          84  -2.0084956727390382     
          85  -2.0117779775523918     
          86  -2.0150288484896306     
          87  -2.0182648050829970     
          88  -2.0214776270129966     
          89  -2.0246548045324202     
          90  -2.0278187162404588     
          91  -2.0309455365445879     
          92  -2.0340459895706036     
          93  -2.0371277644080625     
          94  -2.0401614281446308     
          95  -2.0431895634244892     
          96  -2.0461931054218674     
          97  -2.0491697559775148     
          98  -2.0521580029444642     
          99  -2.0551421537810901     
         100  -2.0581468843604251     
         101  -2.0611817632425766     
